2	1	99.8250050842483
2	2	99.8943240366126
3	1	99.7508682220615
4	1	99.7802579216055
3	2	99.8720774756161
2	3	99.7562361000522
4	2	99.9177846571285
3	3	99.7268766241842
2	4	99.8794835156706
4	3	99.7371476459121
3	4	99.8637733037365
2	5	99.8727155119673
4	4	99.8517875615585
3	5	99.8541190576978
2	6	99.702327842564
3	6	99.5955640149066
2	7	99.7775997013199
4	5	99.8904209995696
3	7	99.739865936586
2	8	99.7994289987505
4	6	99.5945250995831
3	8	99.8185386907705
2	9	99.7174972965548
3	9	99.7010666645834
4	7	99.8445014446641
2	10	99.7222815358174
3	10	99.7835141002372
4	8	99.8330061533068
1	1	99.776603618136
5	1	99.7779577325639
4	9	99.7165288739671
6	1	99.7215399090382
7	1	99.8021909643663
5	2	99.8988059796606
1	2	99.8939497415829
4	10	99.7910416932706
7	2	99.8941560837146
6	2	99.8931147757474
5	3	99.7893002098014
1	3	99.7392321333684
8	1	99.7694502829846
7	3	99.7855602456243
6	3	99.7341142876524
5	4	99.9004560099761
1	4	99.8959089892862
7	4	99.8468471469438
8	2	99.8823705889331
6	4	99.8756824107343
5	5	99.8948560336461
1	5	99.8974695358697
7	5	99.8886786647538
8	3	99.651133517024
5	6	99.5349708064794
6	5	99.8605191682569
7	6	99.6941769407244
1	6	99.6081455850377
5	7	99.7632003194743
6	6	99.6893643182699
7	7	99.8420424733028
8	4	99.8144253567214
1	7	99.7861285659515
5	8	99.8378169357521
6	7	99.7822075035105
7	8	99.7799049473665
5	9	99.7093104635863
1	8	99.8213268376768
7	9	99.7638839247059
6	8	99.7708522487213
8	5	99.8626178897395
5	10	99.8028782445409
1	9	99.7560877159745
7	10	99.7839066166758
6	9	99.7674727848839
8	6	99.669854099621
1	10	99.8211084524664
6	10	99.7907364027072
8	7	99.8058298740357
9	1	99.7879276257254
10	1	99.8005913038555
8	8	99.8147041108944
11	1	99.7829228187997
12	1	99.7584476518862
10	2	99.9082881204132
9	2	99.8922270247154
8	9	99.7064458858479
8	10	99.7449777085553
10	3	99.7547926051066
12	2	99.8992426571953
11	2	99.9075059397742
9	3	99.7238685018501
10	4	99.8590985577464
12	3	99.781244902343
13	1	99.7776796877347
9	4	99.8819000783518
11	3	99.8008885468468
10	5	99.8042645228557
13	2	99.9062151017871
9	5	99.8872877667901
12	4	99.859384662419
11	4	99.8800403979798
10	6	99.6909532475882
9	6	99.7302639700499
14	1	99.8069935568708
15	1	99.7625424939162
21	1	99.7435415602634
20	1	99.7772752588922
10	7	99.8414074236419
17	1	99.7825111680136
18	1	99.75551915375
16	1	99.7234934447862
19	1	99.7600003697635
12	5	99.8717651475223
13	3	99.7673348601405
9	7	99.7040668580283
11	5	99.8729976514119
10	8	99.8614354194946
15	2	99.8889927317664
14	2	99.9166473760767
12	6	99.5914159926958
21	2	99.9015796018038
22	1	99.7411835956729
23	1	99.7778349595225
20	2	99.9214796208833
9	8	99.8124005537527
11	6	99.7097224751608
10	9	99.6129971751357
17	2	99.8871596458516
18	2	99.8802447851105
16	2	99.9060807394688
19	2	99.910946574855
12	7	99.8066642997529
26	1	99.7409849922234
24	1	99.8231093240492
27	1	99.7940265571088
25	1	99.7745309203183
10	10	99.7757248295781
9	9	99.6820318710315
30	1	99.7606756214916
31	1	99.8030287098258
15	3	99.78985035298
13	4	99.8573001855184
14	3	99.7205878315193
28	1	99.7969333894141
29	1	99.8079143546818
11	7	99.8314755423177
21	3	99.7366277858443
23	2	99.8963922565844
22	2	99.8947271235676
33	1	99.7123824845335
20	3	99.7579218598837
32	1	99.8120741942044
9	10	99.7160710535002
34	1	99.8171331657072
35	1	99.8391889815095
12	8	99.7996256438723
11	8	99.8053775136865
26	2	99.908177751366
27	2	99.9037054056264
24	2	99.8890551142713
25	2	99.8941464864062
18	3	99.696048417445
17	3	99.6809371451829
16	3	99.6048609238045
19	3	99.7556304378373
15	4	99.8965782698597
30	2	99.8945111841275
31	2	99.8971552426065
14	4	99.8953776520371
36	1	99.8219429801553
21	4	99.8239332280741
12	9	99.6877691645134
23	3	99.7327465004837
28	2	99.9130243921353
22	3	99.762484515236
29	2	99.9194257968741
20	4	99.883386800847
33	2	99.8862670961654
32	2	99.913081975986
13	5	99.900662166427
11	9	99.7725590379706
34	2	99.8900964222386
35	2	99.8877354843589
12	10	99.7837496101003
37	1	99.7074607299594
26	3	99.7199417918234
27	3	99.7331755112193
25	3	99.6991524362964
24	3	99.7765913976584
36	2	99.9142672435801
15	5	99.8379678119482
30	3	99.7559585048703
31	3	99.7228388760847
14	5	99.8534062843641
11	10	99.8016745274625
22	4	99.8824876147331
21	5	99.792266171738
23	4	99.876469198584
13	6	99.5134744261826
33	3	99.8008380749955
28	3	99.7896131352791
32	3	99.7509668387824
38	1	99.7343877467305
20	5	99.8801798327121
29	3	99.7290671025281
15	6	99.6988596987634
34	3	99.770686191063
14	6	99.6971409050297
35	3	99.7521882575825
21	6	99.7602320936833
13	7	99.7562886161884
27	4	99.8993422453577
36	3	99.7377482609419
37	2	99.8974239672432
25	4	99.8685655570029
26	4	99.8638959200248
24	4	99.8770924980494
30	4	99.8780785373675
31	4	99.8793149182742
20	6	99.6151047898886
40	1	99.7406708376761
39	1	99.7288449050055
22	5	99.8929305556821
41	1	99.8179275795049
23	5	99.8901289604953
33	4	99.8691530933842
32	4	99.8803367206764
15	7	99.761494546548
28	4	99.8859464158646
14	7	99.8255607193134
38	2	99.9002599718914
43	1	99.8073690979388
42	1	99.7364496116328
13	8	99.8439901879703
29	4	99.8371042610386
21	7	99.7373257379425
44	1	99.810409536201
36	4	99.8555375763746
34	4	99.8979934661867
20	7	99.7425021311085
22	6	99.5904916636212
35	4	99.8841684796847
23	6	99.7395148998791
27	5	99.8532924386233
37	3	99.7360423123699
24	5	99.9121506866185
25	5	99.8777989717849
26	5	99.8387944310227
13	9	99.7491378597568
30	5	99.8784968956741
31	5	99.8810312008607
15	8	99.7734507735457
14	8	99.8306674809648
40	2	99.9178566369419
41	2	99.9049914449593
21	8	99.7483293592291
39	2	99.9067381550979
33	5	99.8800412378972
32	5	99.8437293963958
38	3	99.5969923621957
13	10	99.7560815624736
22	7	99.8332699268246
27	6	99.7300729929684
23	7	99.8220605618801
42	2	99.908072180973
43	2	99.8965122229401
28	5	99.8818578199352
25	6	99.6278085853518
24	6	99.6607635905403
26	6	99.545375237881
36	5	99.8716612014111
29	5	99.8591480695524
30	6	99.7040313581312
31	6	99.5935396578424
15	9	99.6377529861595
44	2	99.9077218792144
14	9	99.7443120228281
34	5	99.8772643917846
37	4	99.8216290636571
21	9	99.6479987343775
20	8	99.8155328296222
35	5	99.8718146456705
33	6	99.6394658264083
32	6	99.7397517114602
45	1	99.7754228303548
46	1	99.765911530613
36	6	99.6886462444433
27	7	99.8027137001183
22	8	99.7606828867054
23	8	99.7767516023768
41	3	99.7701209063291
25	7	99.730982625632
24	7	99.805933254213
28	6	99.7046272066256
26	7	99.8037179646983
15	10	99.7696277408987
40	3	99.7482514531855
14	10	99.8147671313364
48	1	99.7423716053976
30	7	99.7510457643369
49	1	99.7806117968427
31	7	99.7646476419572
47	1	99.7669298246628
39	3	99.6670977635721
29	6	99.7654037530511
21	10	99.7756812166405
38	4	99.8862989376934
20	9	99.7018316370476
34	6	99.6238286229728
42	3	99.7028520229926
43	3	99.7314897513878
32	7	99.7304361875517
33	7	99.786195024637
35	6	99.7039014937158
36	7	99.7980468235407
22	9	99.7160650076855
23	9	99.6796392975795
44	3	99.7343111278722
37	5	99.8879361925312
27	8	99.8361665213366
52	1	99.8195344619594
24	8	99.8242062841039
25	8	99.8214392063178
26	8	99.8347829824435
28	7	99.786852227193
30	8	99.824957749391
54	1	99.7892853511251
53	1	99.7287437977948
51	1	99.8014290493149
31	8	99.8410686033028
20	10	99.8248591651018
57	1	99.7314231388762
56	1	99.7922535699512
45	2	99.9084176840773
29	7	99.8096475562994
41	4	99.8539486736392
34	7	99.7731100479034
46	2	99.8857920293969
55	1	99.811254503604
32	8	99.8033759472676
40	4	99.8464282079589
33	8	99.8119510791884
36	8	99.755542021377
22	10	99.8204804261647
23	10	99.8269264183451
60	1	99.8337436360233
35	7	99.785094764178
59	1	99.73041206677
58	1	99.7304626203754
49	2	99.882073072371
39	4	99.8281123998991
48	2	99.9002119853491
27	9	99.7681319632839
37	6	99.5366743220466
42	4	99.9058102545637
38	5	99.7950925159988
47	2	99.9128948284712
43	4	99.8500556064867
24	9	99.7283778091579
26	9	99.6829677415995
61	1	99.816385694543
25	9	99.7065760939269
30	9	99.7452641694059
31	9	99.6230231972203
63	1	99.7826375520269
62	1	99.7457045323763
28	8	99.7844348082092
64	1	99.6538305766693
44	4	99.86721166882
36	9	99.7028895776896
32	9	99.6815110387154
50	1	99.8314976115588
33	9	99.6805833061524
29	8	99.8569757890526
34	8	99.8256108921171
57	2	99.8752829766398
56	2	99.8955668880574
27	10	99.7996159968068
52	2	99.9062774842921
24	10	99.8210822847039
54	2	99.9026257084253
26	10	99.75930019727
53	2	99.9030959765396
37	7	99.706939350099
25	10	99.8088183266449
35	8	99.7944777555038
38	6	99.6653852359132
41	5	99.8596282015897
45	3	99.7456117753655
30	10	99.7969904979621
31	10	99.6924764542472
55	2	99.8864878342599
51	2	99.9085232544703
46	3	99.7315553647944
60	2	99.9005910790331
36	10	99.7348071715021
40	5	99.810575536748
28	9	99.7040451743909
59	2	99.9181445561955
58	2	99.9012580919706
32	10	99.735670707667
33	10	99.7934752951898
49	3	99.6772274641165
48	3	99.7304752671778
42	5	99.8383093491706
43	5	99.8983654523517
65	1	99.8080949032722
39	5	99.8453133371374
47	3	99.758623418616
66	1	99.7105156121088
34	9	99.6712327384777
67	1	99.7792793482456
29	9	99.736206569909
63	2	99.8923565883795
61	2	99.8925053466606
62	2	99.8945303787444
68	1	99.8001182665487
69	1	99.8063219161145
41	6	99.6937109566455
37	8	99.8383085485568
35	9	99.7117111750433
57	3	99.5987588769892
56	3	99.8180136459735
38	7	99.6956266049773
64	2	99.9141712704955
72	1	99.7796729441727
73	1	99.8136557998563
44	5	99.8619694639984
71	1	99.7902819793441
70	1	99.8016384856798
28	10	99.7930915013387
40	6	99.439879498045
54	3	99.6072734782939
53	3	99.7315250816836
42	6	99.5677577518361
43	6	99.6881191476983
45	4	99.8781347364996
52	3	99.8028619962304
34	10	99.7909806351579
39	6	99.65268144045
60	3	99.7562159113117
29	10	99.7660165896637
55	3	99.7793572551065
59	3	99.7104127063088
74	1	99.7801387595359
46	4	99.8576629253712
58	3	99.7739870501343
37	9	99.6775966583399
35	10	99.7606085853987
76	1	99.7206443880298
75	1	99.790339754893
41	7	99.7517029668929
51	3	99.738525527451
77	1	99.7683525475551
48	4	99.8634207819077
49	4	99.8573104035425
78	1	99.7938712853211
80	1	99.65802652591
79	1	99.7822295122126
65	2	99.9101212063279
38	8	99.7960017551982
66	2	99.8964114512013
67	2	99.8970688668305
63	3	99.6967550233624
47	4	99.887494446504
44	6	99.5345888523164
57	4	99.902724411309
62	3	99.6490894070486
56	4	99.8290882211933
68	2	99.8765930092438
69	2	99.876852136572
61	3	99.6475045909196
40	7	99.799752596467
42	7	99.8086211388242
43	7	99.8110431886936
64	3	99.6851767806873
72	2	99.8964978269774
39	7	99.7352655186938
37	10	99.7759428942662
73	2	99.8995017845235
70	2	99.906253491021
71	2	99.8886136380824
60	4	99.8926954207312
54	4	99.9046505088372
53	4	99.8513277504775
41	8	99.717224314776
38	9	99.6245205901291
52	4	99.8712171342366
55	4	99.8633237106795
45	5	99.8882579304943
81	1	99.7394756060077
82	1	99.7158851271871
59	4	99.8822883632647
58	4	99.890733560119
44	7	99.6787830203671
74	2	99.8939065536948
80	2	99.8918575283399
76	2	99.8723222069817
75	2	99.9028704397909
46	5	99.8545249425129
57	5	99.813124691379
77	2	99.9078946307666
56	5	99.8419375634319
40	8	99.7320288832355
78	2	99.9069924837719
42	8	99.8030458643845
43	8	99.8425013034763
83	1	99.7778421814661
85	1	99.7114652976943
79	2	99.9036382244672
66	3	99.773447001326
48	5	99.8121099793415
67	3	99.7780298454189
63	4	99.8465865873312
62	4	99.8937683132536
49	5	99.814075055824
86	1	99.8015265455537
68	3	99.6957960581888
69	3	99.7341698066888
39	8	99.8248032425095
47	5	99.879749198823
61	4	99.9094938522237
41	9	99.7395838419587
38	10	99.7837496101003
87	1	99.7669189917474
64	4	99.8679116034655
72	3	99.684106777441
88	1	99.7268408156521
45	6	99.6165103812086
73	3	99.768208023167
70	3	99.7584417199515
71	3	99.7679455695405
57	6	99.7567028372166
60	5	99.876086335858
56	6	99.6526126887007
44	8	99.8313557388912
42	9	99.679435847456
43	9	99.6906662942716
40	9	99.7099940560012
46	6	99.6166326065408
55	5	99.8792245184523
54	5	99.8508521799183
53	5	99.8536042769568
52	5	99.878120709748
80	3	99.7634687163353
81	2	99.9260575370159
82	2	99.8971264506812
48	6	99.7592313737761
49	6	99.6411617028922
59	5	99.8325972628712
58	5	99.8643305256664
74	3	99.7581641247697
89	1	99.7470983674941
41	10	99.7460941997584
39	9	99.6691900992381
76	3	99.7405444015008
47	6	99.6946887593029
75	3	99.7347552801632
77	3	99.7232224621542
78	3	99.7578966239581
66	4	99.8764334355
79	3	99.7323427256738
67	4	99.9067503127737
63	5	99.8411505428759
62	5	99.8073334080425
57	7	99.7975151540571
69	4	99.8796265680069
68	4	99.8825335958412
45	7	99.8013254520225
60	6	99.6330337183024
85	2	99.8816603881075
56	7	99.7941183768013
83	2	99.8851682043474
42	10	99.707165291638
43	10	99.7956646646584
86	2	99.8869629010284
40	10	99.7045921283183
44	9	99.7396896360229
55	6	99.667951967889
61	5	99.8842584801218
64	5	99.8590441234413
72	4	99.8646775988625
54	6	99.5862519724113
73	4	99.9158852262495
53	6	99.7401565828731
59	6	99.7116857195589
52	6	99.6371282669304
46	7	99.8165814124804
70	4	99.8822474911686
71	4	99.8681006369099
58	6	99.7105322179864
87	2	99.8978462488152
48	7	99.7773190979814
39	10	99.7115440305751
49	7	99.7375989569826
84	1	99.8413663975096
88	2	99.8901012208928
80	4	99.8303143840759
47	7	99.7910391243758
63	6	99.4435691752601
62	6	99.6702895273669
57	8	99.785790254942
82	3	99.7037302332042
81	3	99.7236363313344
56	8	99.8538645823033
74	4	99.8738942565305
60	7	99.7277999930292
89	2	99.893085983822
76	4	99.8732862841011
45	8	99.8358715536538
44	10	99.780749039992
77	4	99.8717842345699
78	4	99.8654439506641
75	4	99.8832846206068
79	4	99.899521060778
55	7	99.7586811288643
66	5	99.8517629458447
67	5	99.8563563739953
61	6	99.4680982716116
64	6	99.7449310099113
59	7	99.8229909834763
54	7	99.7803909661084
69	5	99.8466151384345
68	5	99.8591777684413
58	7	99.8280713807634
53	7	99.8064353865031
52	7	99.7543908515041
46	8	99.8058761495312
48	8	99.7950817369495
85	3	99.6627773731057
57	9	99.7069504421541
49	8	99.7975117088124
83	3	99.7567054882687
86	3	99.8368800239681
56	9	99.6664557295787
72	5	99.9021421610575
63	7	99.7886392274015
73	5	99.8731807945601
62	7	99.7869629916688
60	8	99.7838589189238
80	5	99.8408882026906
47	8	99.8273666521337
70	5	99.9097648758765
71	5	99.8735767797455
45	9	99.7633712303947
87	3	99.7097111475765
88	3	99.6562765986656
66	6	99.6431936990397
67	6	99.74717690039
55	8	99.7792728737606
81	4	99.8728009279601
82	4	99.8744102667436
64	7	99.7060827714867
57	10	99.7167775830896
69	6	99.5160029627421
68	6	99.585541537668
74	5	99.8615289304797
61	7	99.8359504271374
59	8	99.7616520662346
56	10	99.7326614149712
58	8	99.8164739169911
89	3	99.8093930537812
54	8	99.815511760502
76	5	99.8687309110392
48	9	99.7655440777134
53	8	99.851715532043
46	9	99.7049078029145
49	9	99.6644700563736
52	8	99.828146209581
78	5	99.8716067534481
75	5	99.8247221074965
65	3	99.7109779910427
77	5	99.8337208708348
79	5	99.878962178267
80	6	99.7432198552608
72	6	99.8193280417913
60	9	99.7193527616808
73	6	99.7050626343715
63	8	99.7715405066477
62	8	99.843639035967
47	9	99.7074549984603
71	6	99.6904261508432
45	10	99.7313355816675
70	6	99.6377241154247
84	2	99.9113880510439
85	4	99.8379268119724
55	9	99.7380864490499
66	7	99.7736786388789
86	4	99.8411097264553
67	7	99.7943029842608
83	4	99.8608969299742
59	9	99.6652431668428
74	6	99.4607494735144
69	7	99.7724676139442
68	7	99.8389262993854
58	9	99.7246912929207
64	8	99.7851792504562
48	10	99.7725585303068
54	9	99.6780930766411
76	6	99.6250890717108
49	10	99.7643156850965
46	10	99.741977138447
61	8	99.8253369935545
53	9	99.7391932177216
60	10	99.8078588420172
52	9	99.6628668694007
78	6	99.6222014982381
80	7	99.815414693336
75	6	99.7415316178601
77	6	99.5714168727182
79	6	99.6121942991661
88	4	99.8465252791871
63	9	99.6912929206519
87	4	99.8674262473244
72	7	99.8518340529578
62	9	99.6691494092134
81	5	99.8337901682422
73	7	99.7986966417983
47	10	99.8095946369345
82	5	99.8859760658634
89	4	99.8626953022022
55	10	99.6674077377027
90	1	99.7707935644972
59	10	99.7490686021042
65	4	99.8849603765465
58	10	99.6751185050741
91	1	99.7720682375453
71	7	99.8159389785211
70	7	99.7974043895814
74	7	99.7683988655355
64	9	99.7498377281815
54	10	99.8025031732774
69	8	99.7793079889609
68	8	99.830688550085
53	10	99.7376681802101
52	10	99.7591780810447
76	7	99.7965256580739
66	8	99.7674460742892
80	8	99.7848913058135
61	9	99.6828375335205
63	10	99.7659904219011
67	8	99.8382874794365
78	7	99.7509276155628
62	10	99.7772861727449
75	7	99.6639701178121
79	7	99.8235078843631
77	7	99.7511712974094
81	6	99.6594955027189
82	6	99.7272770884948
72	8	99.8019853853346
85	5	99.877497033081
86	5	99.8704930451142
73	8	99.8109889226994
83	5	99.8300431584254
92	1	99.7037414289973
93	1	99.769406951323
64	10	99.7060313552598
68	9	99.6834804359106
69	9	99.6878993725924
80	9	99.6945562606323
88	5	99.8718938427076
74	8	99.8399378938521
66	9	99.7056890513886
89	5	99.8613507371462
87	5	99.8816796266018
67	9	99.7207199465105
90	2	99.9229384117683
94	1	99.7594262252461
76	8	99.8196623771811
61	10	99.7684065786453
91	2	99.8865454181106
78	8	99.8405278292176
75	8	99.7778471966271
79	8	99.8079339002706
81	7	99.7459727513482
72	9	99.7312423868964
73	9	99.7240402525256
77	8	99.8168882763549
84	3	99.7736438415459
82	7	99.7571599633975
95	1	99.7917696997289
86	6	99.5831657827738
85	6	99.4623154855829
80	10	99.78364493905
97	1	99.8020537474377
83	6	99.7828361410529
99	1	99.7555588744399
100	1	99.8037617371028
69	10	99.8097952564476
68	10	99.7255612287265
66	10	99.7723666333813
74	9	99.7597172661772
67	10	99.7539445285302
88	6	99.7095773325788
89	6	99.6587621507258
76	9	99.7021164672205
87	6	99.5989481287913
78	9	99.7583093913228
73	10	99.8293251299142
72	10	99.7914167645341
79	9	99.7543705969324
77	9	99.739274597771
81	8	99.8328937846657
90	3	99.7508356119692
92	2	99.907078859548
82	8	99.809570268606
93	2	99.9131587544536
91	3	99.6344374286328
86	7	99.8416806426821
85	7	99.7349479938634
96	1	99.7659151415848
74	10	99.7518423849369
83	7	99.7488673963141
94	2	99.8983645034717
76	10	99.7545114967193
77	10	99.76560662805
78	10	99.767752384581
89	7	99.7937417775838
79	10	99.7861483216695
88	7	99.8157543710616
100	2	99.9100780184399
95	2	99.9177270732778
99	2	99.9060663435061
81	9	99.7493331718753
87	7	99.7073676394052
97	2	99.9111001317902
82	9	99.7545414950361
90	4	99.8618625332444
86	8	99.822197694645
91	4	99.8763670183438
85	8	99.7941125574204
84	4	99.9030462790657
92	3	99.7929695133868
83	8	99.8394603271276
93	3	99.7171153681538
89	8	99.8521790526874
81	10	99.7863140508325
82	10	99.7423347645355
88	8	99.8217692892009
87	8	99.7838448728437
100	3	99.7537781208966
94	3	99.7734167182153
86	9	99.7374842366844
99	3	99.8162168480692
85	9	99.7727869021089
95	3	99.7091811931384
97	3	99.7377886384229
96	2	99.9105434878999
90	5	99.8765813173398
89	9	99.701384046776
83	9	99.7170171542634
91	5	99.8389874738006
88	9	99.7136236062039
87	9	99.7333745441903
65	5	99.8608656552941
86	10	99.746835619698
92	4	99.8973292946253
93	4	99.8223289983026
85	10	99.7326352472086
100	4	99.8605137540734
98	1	99.7795754479338
90	6	99.6346379257872
89	10	99.7537700767797
91	6	99.605609409395
83	10	99.772427691494
99	4	99.8521145383272
94	4	99.8679678025976
88	10	99.7130443156293
84	5	99.8829665784544
87	10	99.690226026666
97	4	99.8863295917654
95	4	99.854326740528
65	6	99.7854869029445
90	7	99.7887499918773
91	7	99.8115896267739
92	5	99.8865947927156
96	3	99.7709032200234
93	5	99.8807094628976
100	5	99.9001721347601
98	2	99.9014644341024
84	6	99.5197308353735
99	5	99.863038623999
65	7	99.6932045551078
90	8	99.8245644591473
91	8	99.8162983409894
94	5	99.8850949988259
97	5	99.8966577662397
95	5	99.8821053106761
100	6	99.6542703697683
92	6	99.6974388292769
93	6	99.5434654670658
99	6	99.595808465571
90	9	99.6125007568345
91	9	99.7354497354497
65	8	99.831650706574
84	7	99.7485794086772
94	6	99.7368717770708
98	3	99.7103975647534
97	6	99.5194787456259
100	7	99.7934464056485
90	10	99.7379647481859
95	6	99.6372504922625
91	10	99.708979589843
99	7	99.7907511367389
96	4	99.8840714084565
92	7	99.7417341640767
93	7	99.7419335401331
65	9	99.6809413783697
94	7	99.8064427708014
100	8	99.8648345708866
97	7	99.7714264278722
84	8	99.7836060894814
99	8	99.8073299188249
95	7	99.8473665524365
98	4	99.8979219400186
92	8	99.7818713985851
93	8	99.8299019695975
65	10	99.7087091896297
100	9	99.7536707285077
99	9	99.698454364998
94	8	99.8177661563632
97	8	99.7768850401381
96	5	99.889975516236
92	9	99.6936610800891
93	9	99.6886317930369
95	8	99.8153432075404
84	9	99.7114426208803
100	10	99.7668103451284
99	10	99.7792138645878
98	5	99.8580046623296
17	4	99.8588839792419
94	9	99.7570642765672
16	4	99.8117277983796
19	4	99.8408389488188
97	9	99.6739508321273
92	10	99.8236554480235
93	10	99.8228006344461
95	9	99.7375900307486
84	10	99.7404419630428
96	6	99.6464937830085
98	6	99.6646213275871
94	10	99.718347648844
97	10	99.8486107709302
95	10	99.712773915416
98	7	99.7781978294889
96	7	99.7653417660052
98	8	99.8469258187179
96	8	99.8210108008738
98	9	99.6766933397917
98	10	99.7987524606419
96	9	99.7649581413578
96	10	99.7606958112739
75	9	99.7654708356689
75	10	99.7673424229674
17	5	99.8735767797455
17	6	99.6268842562772
17	7	99.7329985390904
17	8	99.7940423270197
17	9	99.7261642718146
71	8	99.8754323383465
70	8	99.8653121376111
17	10	99.7186267716448
71	9	99.7187098592907
70	9	99.68489644877
71	10	99.8100743792483
70	10	99.7680838429069
18	4	99.8820124766161
16	5	99.8264248437938
16	6	99.7290264385616
16	7	99.8191142268256
16	8	99.7757262385272
16	9	99.7813480833045
16	10	99.7968422139741
19	5	99.867161819742
18	5	99.9004592240195
19	6	99.5337714704074
18	6	99.6684332301344
19	7	99.8065239980836
18	7	99.804116716811
19	8	99.8186229672513
18	8	99.8495032744222
50	2	99.903167956353
50	3	99.775677857151
50	4	99.8632215304393
50	5	99.8640632356662
50	6	99.6058233037263
50	7	99.7951964843651
50	8	99.8008125376435
50	9	99.6984136749733
50	10	99.8390333698286
19	9	99.7224207895427
18	9	99.8042402911974
19	10	99.7606260305737
18	10	99.8179421531952
51	4	99.8844954564535
51	5	99.8715077571518
51	6	99.7113266826456
51	7	99.6973766836939
51	8	99.8272332143724
51	9	99.760669412755
51	10	99.6638140316428
