chrom	start	end	B73_inra	A632_usa	CO255_inra	FV252_inra	OH43_inra	A654_inra	FV2_inra	C103_inra	EP1_inra	D105_inra	W117_inra	B96	DK63	F492	ND245	VA85	n_haps
10	92823	94323	1	2	3	4	5	3	6	7	6	8	9	10	2	11	3	12	12
10	94323	271391	1	2	3	4	5	3	6	7	6	4	8	9	2	10	3	11	11
10	271391	601011	1	2	3	4	5	3	6	7	6	4	8	9	2	10	3	3	10
10	601011	824582	1	2	3	4	5	3	6	7	6	4	8	8	2	9	3	3	9
10	824582	827143	1	2	3	4	5	3	4	6	4	4	7	7	2	8	3	3	8
10	827143	831285	1	2	3	4	5	6	4	7	4	4	8	9	2	10	6	6	10
10	831285	862009	1	2	3	4	4	5	4	6	4	4	7	8	2	9	5	5	9
10	862009	897861	1	2	3	4	5	6	5	7	5	5	8	9	2	10	6	6	10
10	897861	1047326	1	2	3	4	5	1	5	6	5	5	7	8	2	9	1	1	9
10	1047326	1047971	1	2	3	4	5	6	5	7	5	5	8	9	2	10	6	1	10
10	1047971	1121483	1	2	3	4	5	6	5	1	5	5	7	8	2	9	6	1	9
10	1121483	1293956	1	2	3	4	5	6	5	1	5	5	7	8	2	8	6	1	8
10	1293956	1368132	1	2	3	4	5	6	5	1	5	5	7	8	2	9	6	1	9
10	1368132	1373230	1	2	3	4	5	6	5	1	5	7	8	9	2	10	6	1	10
10	1373230	1391061	1	2	3	4	5	6	7	8	7	9	10	11	2	12	6	1	12
10	1391061	1500934	1	2	3	4	5	6	7	8	9	10	11	12	2	13	6	14	14
10	1500934	1695304	1	2	3	4	5	6	7	8	7	9	10	11	2	12	6	13	13
10	1695304	2036216	1	2	3	4	5	6	7	8	9	10	11	12	2	13	6	14	14
10	2036216	2346036	1	1	2	3	4	5	6	7	8	9	10	11	1	12	5	13	13
10	2346036	2371985	1	1	2	3	4	5	6	7	8	9	10	11	1	1	5	12	12
10	2371985	2562201	1	1	2	3	4	5	6	7	8	6	9	10	1	1	5	11	11
10	2562201	2597059	1	1	2	3	4	5	6	7	8	9	10	11	1	1	5	12	12
10	2597059	2770980	1	1	2	3	4	5	6	7	8	9	10	11	12	1	5	13	13
10	2770980	3058513	1	1	2	3	4	5	6	7	8	9	7	10	11	1	5	12	12
10	3058513	3610104	1	1	2	3	4	5	6	7	8	9	10	11	12	1	5	13	13
10	3610104	3660005	1	1	2	3	4	5	6	7	8	8	9	10	11	1	5	12	12
10	3660005	3799588	1	1	2	3	4	5	6	7	8	8	9	10	3	1	5	11	11
10	3799588	3839564	1	1	2	3	4	5	6	7	8	8	9	10	3	1	5	4	10
10	3839564	3857296	1	1	2	3	4	5	6	7	8	8	9	10	11	1	5	4	11
10	3857296	3910633	1	1	2	3	4	5	6	7	8	9	10	11	12	1	5	4	12
10	3910633	4186285	1	1	2	3	4	5	6	7	8	7	9	10	11	1	5	4	11
10	4186285	4209950	1	1	2	3	4	5	6	7	8	7	9	10	11	1	5	12	12
10	4209950	4237519	1	1	2	3	4	5	6	7	8	7	9	10	11	12	5	13	13
10	4237519	4278444	1	1	2	3	4	5	6	7	8	9	10	11	12	13	5	14	14
10	4278444	4335352	1	1	2	3	4	5	6	7	8	9	10	11	12	13	14	15	15
10	4335352	4371715	1	1	2	3	4	5	6	7	8	9	10	11	7	12	13	14	14
10	4371715	4371866	1	1	2	3	4	5	6	6	7	8	9	10	6	11	12	13	13
10	4371866	4420861	1	1	2	3	4	5	6	6	6	7	8	9	6	10	11	12	12
10	4420861	4421435	1	1	2	1	3	4	5	5	5	6	7	8	5	9	10	11	11
10	4421435	4509927	1	1	2	1	3	4	5	5	5	6	7	8	5	7	9	10	10
10	4509927	4643296	1	1	2	1	3	4	5	5	5	6	7	8	5	9	10	11	11
10	4643296	4655452	1	1	2	3	4	5	6	6	6	7	8	9	6	10	11	12	12
10	4655452	4658606	1	1	2	3	4	5	6	7	7	8	9	10	7	11	12	13	13
10	4658606	4668620	1	1	2	3	4	5	6	7	8	9	10	11	7	12	13	14	14
10	4668620	4740751	1	1	2	3	4	5	6	7	8	9	10	11	12	13	14	15	15
10	4740751	5106416	1	2	3	4	5	6	7	8	9	10	11	12	13	14	15	16	16
10	5106416	5178300	1	2	3	3	4	5	6	7	8	9	10	11	12	13	14	4	14
10	5178300	5287011	1	2	3	3	4	5	6	7	8	9	10	11	4	12	13	4	13
10	5287011	5411495	1	2	3	3	4	5	6	7	8	9	7	10	4	11	12	4	12
10	5411495	5444779	1	2	3	3	4	5	6	7	8	9	7	10	11	12	13	4	13
10	5444779	5557657	1	2	3	4	5	6	7	8	9	10	8	11	12	13	14	5	14
10	5557657	5601792	1	2	3	4	5	6	7	8	9	10	11	12	13	14	15	5	15
10	5601792	5637573	1	2	3	4	5	6	7	8	9	10	11	12	13	14	15	16	16
10	5637573	5640227	1	2	3	4	5	6	7	8	9	10	11	12	13	14	4	15	15
10	5640227	5941213	1	2	3	4	5	6	7	8	9	10	11	12	13	14	4	5	14
10	5941213	5953570	1	2	3	4	5	6	7	8	9	10	11	12	13	2	4	5	13
10	5953570	6089434	1	2	3	4	5	6	7	8	9	10	11	12	11	2	4	5	12
10	6089434	6098709	1	2	3	4	5	6	7	8	9	10	11	12	13	2	4	5	13
10	6098709	6297980	1	2	3	4	5	6	7	8	9	10	11	12	13	14	4	5	14
10	6297980	6427775	1	2	3	4	5	6	2	7	8	9	10	11	12	13	4	5	13
10	6427775	6631372	1	2	3	4	5	6	2	7	8	9	10	11	7	12	4	5	12
10	6631372	6907832	1	2	3	4	5	6	7	8	9	10	11	12	8	13	4	5	13
10	6907832	6920225	1	2	3	4	5	6	7	8	9	10	11	12	8	13	14	5	14
10	6920225	6946313	1	2	3	4	5	6	7	8	9	10	11	12	13	14	15	5	15
10	6946313	7359633	1	2	3	4	5	6	7	8	9	9	10	11	12	13	14	5	14
10	7359633	7499077	1	1	2	3	4	5	6	7	8	8	9	10	11	11	12	4	12
10	7499077	7564179	1	1	2	3	4	5	6	7	3	3	8	9	10	10	11	4	11
10	7564179	7861482	1	1	2	3	4	5	3	6	3	3	7	8	9	9	10	4	10
10	7861482	7889509	1	1	2	3	4	5	3	6	3	3	7	8	9	10	11	4	11
10	7889509	7891761	1	1	2	3	4	5	3	3	3	3	6	7	8	9	10	4	10
10	7891761	8032153	1	1	2	3	4	5	3	3	3	3	6	7	8	2	9	4	9
10	8032153	8193202	1	1	2	3	4	5	3	3	6	3	7	8	9	2	10	4	10
10	8193202	8208772	1	1	2	3	4	5	6	6	7	6	8	9	10	2	11	4	11
10	8208772	8646279	1	1	2	3	4	5	6	6	7	6	8	9	10	11	12	4	12
10	8646279	8727252	1	2	3	4	5	6	7	7	8	7	9	10	11	12	13	5	13
10	8727252	8785104	1	2	3	4	5	6	7	8	9	8	10	11	12	13	14	5	14
10	8785104	9020583	1	2	3	4	5	6	7	8	9	10	11	12	13	14	15	5	15
10	9020583	9369835	1	2	3	4	5	6	7	8	9	10	11	12	13	14	15	16	16
10	9369835	9506779	1	2	3	4	5	6	7	8	9	10	11	12	13	14	15	5	15
10	9506779	10011967	1	2	3	4	5	6	7	8	9	10	11	5	12	13	14	5	14
10	10011967	10026711	1	2	3	4	5	6	7	8	9	10	11	5	12	13	1	5	13
10	10026711	10093462	1	2	3	4	1	5	6	7	8	9	10	1	11	2	1	1	11
10	10093462	10313586	1	2	3	4	1	5	6	7	8	9	10	11	12	2	1	1	12
10	10313586	10418167	1	2	3	4	5	6	7	8	9	10	11	12	13	2	5	5	13
10	10418167	10554492	1	2	3	4	5	6	7	8	9	10	11	12	13	14	5	5	14
10	10554492	10646668	1	2	3	4	5	6	7	8	9	10	11	12	13	14	15	5	15
10	10646668	10652085	1	2	3	4	1	5	6	7	8	9	10	11	12	13	14	1	14
10	10652085	10703184	1	2	3	4	1	5	6	7	6	8	9	10	11	12	13	1	13
10	10703184	10705931	1	2	3	4	1	5	6	7	6	8	9	10	3	11	12	1	12
10	10705931	10917133	1	2	3	4	1	3	5	6	5	7	8	9	3	10	11	1	11
10	10917133	11083885	1	2	3	4	1	3	5	6	5	7	8	9	10	11	12	1	12
10	11083885	11231539	1	2	3	4	1	5	6	7	8	9	10	11	12	13	14	1	14
10	11231539	11359019	1	2	3	4	5	6	7	8	9	10	11	12	13	14	15	5	15
10	11359019	11678303	1	2	3	2	4	5	6	7	8	9	10	11	12	13	14	4	14
10	11678303	12184248	1	2	3	2	4	5	6	7	8	9	10	11	12	13	9	4	13
10	12184248	12241873	1	2	3	4	5	6	7	8	9	10	11	12	13	14	10	5	14
10	12241873	12272207	1	2	3	4	1	5	6	7	8	9	10	11	12	13	9	1	13
10	12272207	12278265	1	2	3	4	1	5	6	7	8	9	10	11	12	13	14	1	14
10	12278265	12294997	1	2	3	4	1	5	6	7	8	6	9	10	11	12	13	1	13
10	12294997	12530229	1	2	3	4	1	5	6	7	8	6	1	9	10	11	12	1	12
10	12530229	12645805	1	2	3	4	1	5	6	7	8	6	1	9	6	10	11	1	11
10	12645805	12733013	1	2	3	1	1	4	5	6	7	5	1	8	5	9	10	1	10
10	12733013	13146617	1	2	3	1	1	4	5	6	7	8	1	9	5	10	11	1	11
10	13146617	13314732	1	2	3	1	4	5	6	7	8	9	1	10	6	11	12	4	12
10	13314732	13503626	1	2	3	1	4	5	6	4	7	8	1	9	6	10	11	4	11
10	13503626	13617285	1	2	3	1	4	5	6	4	7	8	1	9	10	11	12	4	12
10	13617285	13642207	1	2	3	1	4	5	6	4	7	8	1	9	7	10	11	4	11
10	13642207	13642252	1	2	3	4	5	6	7	5	8	9	4	10	8	11	12	5	12
10	13642252	13702219	1	2	3	4	5	6	7	5	8	9	10	11	8	12	13	5	13
10	13702219	14154461	1	2	3	4	5	6	7	8	9	10	11	12	9	13	14	5	14
10	14154461	14805953	1	2	3	4	5	6	7	8	9	10	11	12	13	14	15	5	15
10	14805953	15204736	1	1	2	3	4	5	6	7	8	9	10	11	12	13	14	4	14
10	15204736	15304912	1	1	2	3	4	5	6	7	8	9	10	11	12	1	13	4	13
10	15304912	16132625	1	1	2	3	4	5	6	3	7	8	9	10	11	1	12	4	12
10	16132625	16779696	1	1	2	3	4	5	6	7	8	9	10	11	12	1	13	4	13
10	16779696	16780407	1	1	2	3	4	5	6	7	8	9	10	11	12	13	14	4	14
10	16780407	19504786	1	1	2	3	4	5	6	7	8	9	10	11	12	13	5	4	13
10	19504786	22623818	1	1	2	3	4	5	6	7	8	9	10	11	12	13	14	4	14
10	22623818	22624114	1	2	3	4	5	6	7	8	9	10	11	12	13	14	15	5	15
10	22624114	22884387	1	1	2	3	4	5	6	7	8	9	10	11	12	13	14	4	14
10	22884387	23006092	1	1	2	3	4	5	6	7	8	8	9	10	11	12	13	4	13
10	23006092	23348341	1	1	2	3	4	5	6	7	8	8	9	10	11	12	5	4	12
10	23348341	23415206	1	1	2	3	4	5	6	7	8	8	9	10	11	12	5	13	13
10	23415206	25596267	1	1	2	3	4	5	6	7	8	8	9	10	11	12	5	4	12
10	25596267	26544111	1	1	2	3	4	5	6	7	8	9	10	11	12	13	5	4	13
10	26544111	26776438	1	1	2	3	4	5	6	7	8	9	10	11	12	13	14	4	14
10	26776438	45472107	1	1	2	3	4	5	6	7	8	9	10	11	12	13	14	15	15
10	45472107	58449921	1	2	3	4	5	6	7	8	9	10	11	12	13	14	15	16	16
10	58449921	70417062	1	1	2	3	4	5	6	7	8	9	10	11	12	13	14	15	15
10	70417062	72205422	1	1	2	3	4	5	6	7	8	9	10	11	12	2	13	14	14
10	72205422	72227908	1	2	3	4	5	6	7	8	9	10	11	12	13	3	14	15	15
10	72227908	72426846	1	1	2	3	4	5	6	7	8	9	10	11	12	2	13	4	13
10	72426846	73712866	1	1	2	3	4	5	6	7	8	9	10	11	7	2	12	4	12
10	73712866	74160592	1	1	2	3	4	5	6	7	8	2	9	10	7	2	11	4	11
10	74160592	74190890	1	1	2	1	3	4	5	6	7	2	8	9	6	2	10	3	10
10	74190890	74191706	1	1	2	1	3	4	5	6	7	2	1	8	6	2	9	3	9
10	74191706	74299929	1	2	3	1	4	5	6	7	8	3	2	9	7	3	10	4	10
10	74299929	74774740	1	2	3	1	4	5	6	7	8	9	2	10	7	9	11	4	11
10	74774740	75860561	1	2	3	1	4	5	6	7	7	8	2	9	7	8	10	4	10
10	75860561	76078920	1	2	3	1	4	5	6	7	7	8	2	9	7	10	11	4	11
10	76078920	76133588	1	2	3	4	5	6	7	8	8	9	2	10	8	11	12	5	12
10	76133588	76299880	1	2	3	4	5	6	7	8	8	9	10	11	8	12	13	5	13
10	76299880	76585736	1	2	3	4	5	6	7	8	9	10	11	12	8	13	14	5	14
10	76585736	76621589	1	2	3	4	5	6	7	8	9	10	11	12	8	13	14	15	15
10	76621589	76767460	1	2	3	4	5	6	7	8	9	10	11	12	13	14	15	16	16
10	76767460	76806402	1	1	2	3	4	5	6	7	8	9	10	11	12	13	14	15	15
10	76806402	79195892	1	1	2	3	1	4	5	6	7	8	9	10	11	12	13	14	14
10	79195892	80762829	1	1	2	3	4	5	6	7	8	9	10	11	12	13	14	15	15
10	80762829	80770297	1	2	3	4	5	6	7	8	9	10	11	12	13	14	15	16	16
10	80770297	82657236	1	1	2	3	4	5	6	7	8	9	10	11	7	12	13	14	14
10	82657236	87984392	1	1	2	3	4	5	6	7	8	9	10	11	12	13	14	15	15
10	87984392	90194847	1	1	2	3	4	5	6	7	8	9	10	11	12	13	14	12	14
10	90194847	91011982	1	1	2	3	4	5	6	7	8	9	10	11	12	13	14	15	15
10	91011982	95203047	1	1	2	3	4	5	6	7	8	9	10	11	12	13	14	12	14
10	95203047	95934907	1	1	2	3	4	5	6	7	8	9	10	11	12	13	6	12	13
10	95934907	96969539	1	1	2	3	4	5	6	7	8	9	10	11	12	13	6	14	14
10	96969539	98176289	1	1	2	3	4	4	5	6	7	8	9	10	11	12	5	13	13
10	98176289	98464772	1	1	2	3	4	4	5	6	7	8	9	10	11	12	5	11	12
10	98464772	98846116	1	1	2	3	4	4	5	6	7	8	9	10	3	11	5	3	11
10	98846116	99122336	1	1	2	3	4	4	5	6	7	8	9	10	3	9	5	3	10
10	99122336	99122465	1	1	2	3	4	5	6	7	8	9	10	11	3	10	6	3	11
10	99122465	99235140	1	1	2	3	4	4	5	6	7	8	9	10	3	9	5	3	10
10	99235140	99542252	1	1	2	3	4	4	5	3	6	7	8	9	3	8	5	3	9
10	99542252	99917598	1	1	2	3	4	4	5	3	6	7	8	9	3	8	10	3	10
10	99917598	101208590	1	1	2	3	4	4	5	3	6	7	8	9	3	10	11	3	11
10	101208590	101885824	1	1	2	3	4	4	5	3	6	7	8	9	10	11	12	3	12
10	101885824	104221017	1	1	2	3	4	4	5	6	7	8	9	10	11	12	13	6	13
10	104221017	105762217	1	1	2	3	4	4	5	6	7	8	9	10	11	12	13	14	14
10	105762217	105810480	1	1	2	3	4	5	6	7	8	9	10	11	12	13	14	15	15
10	105810480	106226659	1	1	2	3	4	5	6	7	8	9	10	11	12	13	14	4	14
10	106226659	106319055	1	2	3	4	5	6	7	8	9	10	11	12	13	14	15	5	15
10	106319055	107821764	1	1	2	3	4	5	6	7	8	9	10	11	12	13	14	4	14
10	107821764	110821856	1	1	2	3	4	5	6	7	8	9	10	11	4	12	13	4	13
10	110821856	110851201	1	1	2	3	4	5	6	7	8	9	10	11	12	13	14	12	14
10	110851201	111059882	1	1	2	3	4	5	6	7	8	9	10	11	12	13	2	12	13
10	111059882	112328062	1	1	2	3	4	5	6	7	8	9	10	11	12	13	2	14	14
10	112328062	112511891	1	1	2	3	4	5	6	7	8	9	10	11	12	13	14	15	15
10	112511891	113889149	1	1	2	3	3	4	5	6	7	8	9	10	11	12	13	14	14
10	113889149	114156233	1	1	2	3	4	5	6	7	8	9	10	11	12	13	14	15	15
10	114156233	114702820	1	1	2	3	4	5	6	7	8	9	10	11	12	13	6	14	14
10	114702820	114704117	1	2	3	4	5	6	7	8	9	10	11	12	13	14	7	15	15
10	114704117	114821618	1	1	2	3	4	5	6	7	8	9	10	11	12	13	6	14	14
10	114821618	115380143	1	1	2	3	4	5	6	7	2	8	9	10	11	12	6	13	13
10	115380143	115556424	1	1	2	3	4	5	6	7	2	8	9	10	11	12	13	14	14
10	115556424	115850921	1	1	2	3	4	5	6	7	2	8	9	10	11	12	6	13	13
10	115850921	115984152	1	1	2	3	4	5	6	7	2	8	9	10	11	5	6	12	12
10	115984152	116305544	1	1	2	3	4	5	2	6	2	7	8	9	10	5	2	11	11
10	116305544	117256908	1	1	2	3	4	5	2	6	7	8	9	10	11	5	2	12	12
10	117256908	117443322	1	1	2	3	4	5	6	7	8	9	10	11	12	5	6	13	13
10	117443322	117527190	1	1	2	3	4	5	6	7	8	9	10	11	12	13	6	14	14
10	117527190	117871339	1	1	2	3	4	5	6	7	8	9	10	11	12	13	14	15	15
10	117871339	117871716	1	2	3	4	5	6	7	8	9	10	11	12	13	14	15	16	16
10	117871716	118523659	1	1	2	3	4	5	6	7	8	9	10	11	12	5	13	14	14
10	118523659	118969344	1	1	2	3	4	5	6	7	8	9	10	11	12	5	13	12	13
10	118969344	119456918	1	1	2	3	4	5	6	7	6	8	9	10	11	5	12	11	12
10	119456918	119566720	1	2	3	4	5	6	7	8	7	9	10	11	12	13	14	12	14
10	119566720	120050796	1	1	2	3	4	5	6	7	6	8	9	10	11	5	12	11	12
10	120050796	120971495	1	1	2	3	4	5	6	7	6	8	9	10	11	5	12	13	13
10	120971495	121756631	1	1	2	3	4	5	6	7	8	9	10	11	12	5	13	14	14
10	121756631	122295542	1	1	2	3	4	5	6	7	8	9	10	11	1	5	12	13	13
10	122295542	122301218	1	1	2	3	4	5	6	7	8	9	10	11	1	12	13	14	14
10	122301218	122640391	1	1	2	3	4	5	6	7	8	9	10	11	1	5	12	13	13
10	122640391	122914602	1	1	2	3	4	5	6	7	6	8	9	10	1	5	11	12	12
10	122914602	123913747	1	1	2	3	4	5	6	7	6	8	9	10	11	5	12	13	13
10	123913747	124038554	1	1	2	3	4	5	6	7	8	9	10	11	12	5	13	14	14
10	124038554	124761083	1	1	2	3	4	5	6	7	8	9	10	11	12	5	13	3	13
10	124761083	124791109	1	2	3	4	5	6	7	8	9	10	11	12	13	6	14	4	14
10	124791109	125368272	1	1	2	3	4	5	6	7	8	9	10	11	12	5	13	3	13
10	125368272	125758985	1	1	2	3	4	5	6	7	8	9	10	11	12	5	13	14	14
10	125758985	125785615	1	1	2	3	4	5	3	6	7	8	9	10	11	5	12	13	13
10	125785615	125881941	1	1	2	3	4	5	3	3	6	7	8	9	10	5	11	12	12
10	125881941	126286226	1	1	2	3	4	5	3	3	3	6	7	8	9	5	10	11	11
10	126286226	126530614	1	1	2	3	4	5	3	3	3	6	7	8	9	10	11	12	12
10	126530614	126530932	1	1	2	3	4	5	6	6	6	7	8	9	10	11	12	13	13
10	126530932	126950574	1	1	2	3	3	4	5	5	5	6	7	8	9	10	11	12	12
10	126950574	127366529	1	1	2	3	3	4	5	5	5	6	7	8	9	4	10	11	11
10	127366529	127578821	1	1	2	3	3	4	5	6	5	7	8	9	10	4	11	12	12
10	127578821	127580348	1	2	3	4	4	5	6	7	6	8	9	10	11	5	12	13	13
10	127580348	127905152	1	1	2	3	3	4	5	6	5	7	8	9	10	4	11	12	12
10	127905152	127953705	1	1	2	3	4	5	6	7	6	8	9	10	11	5	12	13	13
10	127953705	128611446	1	1	2	3	4	5	6	7	8	9	10	11	12	5	13	14	14
10	128611446	129119297	1	1	2	3	4	3	5	6	7	8	9	10	11	3	12	13	13
10	129119297	129678315	1	1	2	3	4	3	5	1	6	7	8	9	10	3	11	12	12
10	129678315	129680934	1	1	2	3	4	3	5	1	6	7	8	9	10	11	12	13	13
10	129680934	129879066	1	1	2	3	4	3	5	1	6	7	8	9	10	3	11	12	12
10	129879066	130347973	1	1	2	3	2	3	4	1	5	6	7	8	9	3	10	11	11
10	130347973	130350748	1	1	2	3	2	3	4	5	6	7	8	9	10	3	11	12	12
10	130350748	130518752	1	1	2	3	2	3	4	5	6	7	8	9	10	11	12	13	13
10	130518752	131246976	1	1	2	3	2	3	4	3	5	6	7	8	9	10	11	12	12
10	131246976	131299017	1	1	2	3	2	4	5	3	6	7	8	9	10	11	12	13	13
10	131299017	131478229	1	1	2	3	4	5	6	3	7	8	9	10	11	12	13	14	14
10	131478229	131567072	1	1	2	3	4	5	6	3	7	8	9	10	11	3	12	13	13
10	131567072	131804958	1	1	2	3	4	5	6	7	8	9	10	11	12	3	13	14	14
10	131804958	131910867	1	1	2	3	4	5	6	7	8	6	9	10	11	3	12	13	13
10	131910867	132097399	1	1	2	3	4	5	6	7	8	6	9	10	11	12	13	14	14
10	132097399	132098063	1	1	2	3	4	5	6	7	8	6	9	10	11	12	13	4	13
10	132098063	132246366	1	1	2	3	4	5	6	7	8	9	10	11	12	13	14	4	14
10	132246366	132263220	1	1	2	3	4	5	6	7	8	9	10	11	12	12	13	4	13
10	132263220	132567242	1	1	2	3	3	4	5	6	7	8	9	10	11	11	12	3	12
10	132567242	132729077	1	2	3	4	4	5	6	7	8	9	10	11	12	12	13	4	13
10	132729077	133024297	1	1	2	3	3	4	5	6	7	8	9	10	11	11	12	3	12
10	133024297	133096011	1	1	2	3	3	4	5	6	7	8	9	10	4	4	11	3	11
10	133096011	133219748	1	1	2	3	3	4	5	6	7	8	2	9	4	4	10	3	10
10	133219748	133221205	1	2	3	4	5	6	7	8	9	10	3	11	6	6	12	4	12
10	133221205	133316768	1	1	2	3	3	4	5	6	7	8	2	9	4	4	10	3	10
10	133316768	133319197	1	1	2	3	3	4	5	6	7	8	9	10	4	4	11	3	11
10	133319197	133411364	1	1	2	3	3	4	5	6	7	8	9	10	11	11	12	3	12
10	133411364	133583966	1	1	2	3	3	4	5	6	7	8	9	10	11	12	13	3	13
10	133583966	133587683	1	1	2	3	3	4	5	6	7	8	9	10	11	12	13	14	14
10	133587683	134094192	1	1	2	3	3	4	5	6	7	8	9	10	11	12	13	3	13
10	134094192	134390036	1	1	2	3	3	4	5	6	7	8	9	10	11	4	12	3	12
10	134390036	134475870	1	1	2	3	4	5	6	7	8	9	10	11	12	5	13	4	13
10	134475870	134546920	1	1	2	3	3	4	5	6	7	8	9	10	11	4	12	3	12
10	134546920	134965370	1	1	2	3	3	4	5	6	7	8	9	10	11	12	13	3	13
10	134965370	134975944	1	1	2	3	4	5	6	7	8	9	10	11	12	13	14	4	14
10	134975944	134993873	1	1	2	3	3	4	5	6	7	8	9	10	11	12	13	3	13
10	134993873	135297851	1	1	2	3	3	4	5	6	7	8	9	10	11	12	4	3	12
10	135297851	135437585	1	1	2	3	3	1	4	5	6	7	8	9	10	11	1	3	11
10	135437585	135438969	1	1	2	3	3	1	2	4	5	6	7	8	9	10	1	3	10
10	135438969	135684447	1	1	2	3	3	1	2	4	5	6	7	8	9	10	1	11	11
10	135684447	135834670	1	1	2	3	3	1	2	4	5	6	7	8	9	10	11	12	12
10	135834670	136073267	1	1	2	3	3	1	4	5	6	7	8	9	10	11	12	13	13
10	136073267	136307187	1	1	2	3	3	1	2	4	5	6	7	8	9	10	11	12	12
10	136307187	136308700	1	1	2	3	3	1	4	5	6	7	8	9	10	11	12	13	13
10	136308700	136365954	1	1	2	3	3	4	5	6	7	8	9	10	11	12	13	14	14
10	136365954	136805405	1	1	2	3	3	4	5	6	5	7	8	9	10	11	12	13	13
10	136805405	136846735	1	1	2	3	4	5	6	7	6	8	9	10	11	12	13	14	14
10	136846735	136879974	1	1	2	3	4	5	6	7	6	8	9	10	11	12	13	11	13
10	136879974	136889794	1	1	2	3	4	5	6	7	8	9	10	11	12	13	14	12	14
10	136889794	136890017	1	1	2	3	4	5	6	7	8	9	10	11	12	3	13	12	13
10	136890017	136898081	1	1	2	3	4	5	6	7	6	8	9	10	11	3	12	11	12
10	136898081	137002027	1	1	2	1	3	4	5	6	5	7	8	9	10	1	11	10	11
10	137002027	137105739	1	1	2	1	3	4	5	6	5	7	8	6	9	1	10	9	10
10	137105739	137106771	1	1	2	1	3	4	5	6	7	8	9	6	10	1	11	10	11
10	137106771	137204843	1	1	2	1	3	4	5	6	7	6	8	6	9	1	10	9	10
10	137204843	137214068	1	1	2	3	4	5	6	7	8	7	9	7	10	1	11	10	11
10	137214068	137217451	1	1	2	3	4	5	6	7	8	7	9	10	11	1	12	13	13
10	137217451	137395253	1	1	2	3	4	5	6	7	8	7	9	10	11	1	12	1	12
10	137395253	137486003	1	1	2	3	4	5	6	7	8	9	10	11	12	1	13	1	13
10	137486003	137497882	1	1	2	3	4	5	6	7	8	9	6	10	11	1	12	1	12
10	137497882	137499689	1	1	2	3	4	5	6	3	7	8	6	9	10	1	11	1	11
10	137499689	137661030	1	1	2	3	3	4	5	3	6	7	5	8	9	1	10	1	10
10	137661030	137689787	1	1	2	3	3	4	5	3	6	7	5	8	9	1	10	11	11
10	137689787	137690564	1	1	2	3	3	3	4	3	5	6	4	7	8	1	9	10	10
10	137690564	137726831	1	1	2	3	3	3	4	3	5	6	4	7	8	1	1	9	9
10	137726831	137839799	1	1	2	3	3	3	4	3	5	6	7	8	9	1	1	10	10
10	137839799	137840610	1	1	2	3	3	4	5	4	6	7	8	9	10	1	1	11	11
10	137840610	138052252	1	1	2	3	4	5	6	5	7	8	9	10	11	1	1	12	12
10	138052252	138081264	1	1	2	3	4	5	6	7	8	9	10	11	12	1	13	14	14
10	138081264	138137053	1	1	2	3	4	5	6	7	8	9	10	11	12	1	5	13	13
10	138137053	138137063	1	1	2	3	4	5	6	7	8	9	5	10	11	1	5	12	12
10	138137063	138484853	1	1	2	3	4	5	6	7	8	9	5	10	7	1	5	11	11
10	138484853	138569229	1	1	2	3	4	5	6	7	8	9	5	10	11	1	5	12	12
10	138569229	138973847	1	1	2	3	4	5	6	7	8	9	10	11	12	1	5	13	13
10	138973847	139067039	1	1	2	3	4	5	6	7	8	9	10	11	12	1	13	14	14
10	139067039	139307372	1	2	3	4	5	6	7	8	9	10	11	12	13	2	14	15	15
10	139307372	139481397	1	1	2	3	4	5	6	7	8	9	10	11	12	1	13	14	14
10	139481397	139502537	1	1	2	3	3	4	5	6	7	8	9	10	11	1	12	13	13
10	139502537	139744881	1	1	2	3	3	4	5	6	3	7	8	9	10	1	11	12	12
10	139744881	139804467	1	1	2	3	3	4	5	4	3	6	7	8	9	1	10	11	11
10	139804467	139929088	1	1	2	3	3	4	5	4	3	3	6	7	8	1	9	10	10
10	139929088	139980637	1	1	2	3	4	5	6	5	4	4	7	8	9	1	10	11	11
10	139980637	139981048	1	1	2	3	4	5	6	5	7	7	8	9	10	1	11	12	12
10	139981048	139982490	1	1	2	3	4	5	6	7	8	9	10	11	12	1	13	14	14
10	139982490	140288422	1	1	2	3	4	5	6	7	8	9	10	11	12	1	5	13	13
10	140288422	140437149	1	1	2	3	4	5	6	7	8	9	10	11	12	1	13	14	14
10	140437149	140484880	1	1	2	3	4	5	6	7	8	9	10	11	12	13	14	15	15
10	140484880	140485672	1	2	3	4	5	6	7	8	9	10	11	12	5	13	14	15	15
10	140485672	140544607	1	2	3	4	5	6	7	8	9	10	11	12	5	1	13	14	14
10	140544607	140662590	1	1	2	3	4	5	6	7	8	9	10	11	4	1	12	13	13
10	140662590	140832404	1	1	2	3	4	5	6	7	8	9	10	11	12	1	13	14	14
10	140832404	140869639	1	1	2	3	4	5	6	5	7	8	9	10	11	1	12	13	13
10	140869639	140869828	1	1	2	3	4	5	6	5	7	8	9	10	11	12	13	14	14
10	140869828	140948422	1	1	2	3	4	1	5	1	6	7	8	9	10	11	12	13	13
10	140948422	140972141	1	1	2	3	4	1	5	1	5	6	7	8	9	10	11	12	12
10	140972141	141068049	1	1	2	3	4	1	2	1	2	5	6	7	8	9	10	11	11
10	141068049	141182571	1	1	2	3	4	1	2	1	2	5	6	7	8	9	10	5	10
10	141182571	141449591	1	1	2	3	4	5	2	1	2	6	7	8	9	10	11	6	11
10	141449591	141492437	1	1	2	3	4	5	2	1	2	6	7	8	9	10	2	6	10
10	141492437	141553626	1	1	2	3	4	5	2	1	6	7	8	9	10	11	2	7	11
10	141553626	141561281	1	1	2	3	4	5	2	1	6	7	8	9	10	11	2	12	12
10	141561281	141674170	1	1	2	3	4	5	6	1	7	8	9	10	11	12	6	13	13
10	141674170	141718975	1	1	2	3	4	5	6	7	8	9	10	11	12	13	14	15	15
10	141718975	141790251	1	1	2	3	4	5	6	7	6	8	9	10	11	12	13	14	14
10	141790251	141980095	1	1	2	3	4	5	6	7	6	8	9	10	11	12	9	13	13
10	141980095	142130486	1	1	2	3	4	5	6	7	6	8	9	10	9	11	9	12	12
10	142130486	142134842	1	1	2	3	4	5	6	7	6	8	3	9	3	10	3	11	11
10	142134842	142134992	1	1	2	3	4	5	6	7	6	8	3	9	10	11	10	12	12
10	142134992	142147134	1	1	2	3	4	5	6	7	8	9	3	10	11	12	11	13	13
10	142147134	142410207	1	1	2	3	4	5	6	7	8	9	3	10	11	12	13	14	14
10	142410207	142620416	1	1	2	3	4	5	6	7	8	9	3	10	11	12	13	11	13
10	142620416	142713178	1	1	2	3	4	5	6	7	8	9	10	11	12	13	14	12	14
10	142713178	142713498	1	1	2	3	4	5	6	7	8	9	9	10	11	12	13	11	13
10	142713498	142737686	1	1	2	3	4	5	6	7	8	9	9	10	11	12	1	11	12
10	142737686	142742318	1	1	2	3	4	5	6	7	8	9	9	10	11	12	1	13	13
10	142742318	142968920	1	1	2	3	4	5	6	7	8	9	9	10	11	12	1	3	12
10	142968920	142983120	1	1	2	3	4	5	6	7	8	9	9	10	11	12	13	3	13
10	142983120	143000942	1	1	2	3	4	5	6	7	8	9	9	10	11	12	2	3	12
10	143000942	143088219	1	1	2	3	4	5	6	7	8	9	9	10	4	11	2	3	11
10	143088219	143158301	1	1	2	3	4	5	6	7	8	9	9	10	4	2	2	3	10
10	143158301	143164622	1	1	2	3	4	5	6	7	8	9	9	10	11	2	2	3	11
10	143164622	143196902	1	1	2	3	4	5	6	7	8	9	9	10	11	12	12	3	12
10	143196902	143201790	1	2	3	4	5	6	7	8	9	10	10	11	12	13	13	4	13
10	143201790	143366041	1	2	3	4	5	6	7	8	9	10	10	11	12	13	14	4	14
10	143366041	143380586	1	2	3	4	5	6	7	8	9	10	11	12	13	14	15	4	15
10	143380586	143457139	1	2	3	4	5	6	7	8	9	10	11	12	1	13	14	4	14
10	143457139	143621299	1	1	2	3	4	5	6	7	8	9	10	11	1	12	13	3	13
10	143621299	143630976	1	2	3	4	5	6	7	8	9	10	11	12	2	13	14	4	14
10	143630976	143748949	1	2	3	4	1	5	6	7	8	9	10	11	2	12	13	4	13
10	143748949	143787620	1	2	3	4	1	5	6	7	8	9	9	10	2	11	12	4	12
10	143787620	143883329	1	2	3	4	5	6	7	8	9	10	10	11	2	12	13	4	13
10	143883329	143885510	1	2	3	4	5	6	7	8	9	10	10	11	2	12	13	14	14
10	143885510	143888326	1	2	3	4	5	6	7	8	9	10	10	11	2	11	12	13	13
10	143888326	143972969	1	2	3	4	5	6	5	7	8	9	9	10	2	10	11	12	12
10	143972969	144091319	1	2	3	4	5	6	5	7	8	9	9	10	2	10	11	4	11
10	144091319	144091994	1	2	3	4	5	6	5	7	8	9	10	11	2	11	12	4	12
10	144091994	144105028	1	2	3	4	5	6	5	7	8	9	10	11	2	12	13	4	13
10	144105028	144193053	1	2	3	4	5	6	7	8	9	10	11	12	2	13	14	4	14
10	144193053	144384458	1	2	3	4	5	6	7	8	9	10	11	10	2	12	13	4	13
10	144384458	144633175	1	2	3	4	5	6	7	8	9	10	11	12	2	13	14	4	14
10	144633175	144826622	1	2	3	4	5	6	7	8	9	10	11	12	2	13	14	15	15
10	144826622	144826939	1	2	3	4	5	6	7	8	9	10	11	12	2	13	2	14	14
10	144826939	144995627	1	2	3	4	5	2	6	7	8	9	10	11	2	12	2	13	13
10	144995627	145134267	1	2	3	4	5	2	6	7	8	9	10	11	12	13	2	14	14
10	145134267	145211497	1	2	3	4	5	2	6	7	8	9	10	11	12	13	2	4	13
10	145211497	145212370	1	1	2	3	4	1	5	6	7	8	9	10	11	12	1	3	12
10	145212370	145213435	1	1	2	3	3	1	4	5	6	7	8	9	10	11	1	3	11
10	145213435	145213987	1	1	2	3	3	4	5	6	7	8	9	10	11	12	4	3	12
10	145213987	145391852	1	1	2	3	3	4	5	6	7	8	9	10	11	12	13	3	13
10	145391852	145405180	1	1	2	3	3	4	5	6	7	8	9	10	11	4	12	3	12
10	145405180	145461035	1	2	3	4	5	6	7	8	9	10	11	12	13	6	14	4	14
10	145461035	145463410	1	2	3	4	5	6	7	8	9	10	11	12	13	6	3	4	13
10	145463410	145464493	1	2	3	4	5	6	7	8	9	10	11	12	8	6	3	4	12
10	145464493	145500920	1	2	3	4	5	6	7	8	7	9	10	11	8	6	3	4	11
10	145500920	145634867	1	2	3	4	5	6	7	8	7	9	10	11	8	12	3	4	12
10	145634867	145640695	1	2	3	4	5	6	7	8	7	9	10	11	8	12	13	4	13
10	145640695	145641603	1	2	3	4	5	6	7	8	9	10	11	12	8	13	14	4	14
10	145641603	145647888	1	2	3	4	5	6	7	8	9	10	11	12	13	14	15	4	15
10	145647888	145732967	1	2	3	4	5	6	7	5	8	9	10	11	12	13	14	4	14
10	145732967	145885372	1	2	3	4	5	6	7	5	8	7	9	10	11	12	13	4	13
10	145885372	145887370	1	2	3	4	5	6	7	5	8	7	9	10	2	11	12	4	12
10	145887370	145970447	1	2	3	4	5	6	7	5	8	9	10	11	2	12	13	4	13
10	145970447	146116083	1	2	3	4	5	6	7	8	9	10	11	12	2	13	14	4	14
10	146116083	146117188	1	2	3	4	5	6	7	4	8	9	10	11	2	12	13	4	13
10	146117188	146319496	1	2	3	4	5	6	7	4	8	9	10	11	12	13	14	4	14
10	146319496	146319886	1	2	3	4	5	6	7	4	8	9	10	11	12	13	1	4	13
10	146319886	146386041	1	2	3	4	5	6	7	8	9	10	11	12	13	14	1	4	14
10	146386041	146506257	1	2	3	4	5	6	7	8	9	4	10	11	12	13	1	4	13
10	146506257	146569359	1	2	3	4	5	2	6	7	8	4	9	10	11	12	1	4	12
10	146569359	146573757	1	2	3	4	5	2	6	7	8	4	9	10	11	5	1	4	11
10	146573757	146721866	1	2	3	4	5	2	6	7	8	9	10	11	12	5	1	4	12
10	146721866	146722085	1	2	3	4	5	2	6	7	8	9	10	11	12	5	13	4	13
10	146722085	146723260	1	2	3	4	5	6	7	8	9	10	11	12	13	5	14	4	14
10	146723260	146767632	1	2	3	4	5	6	7	8	9	10	11	12	13	14	15	4	15
10	146767632	146903240	1	2	3	4	5	6	7	8	9	10	11	12	13	14	11	4	14
10	146903240	146938389	1	2	3	4	5	6	7	8	9	10	4	11	12	13	4	4	13
10	146938389	147116108	1	2	3	4	5	6	7	8	9	10	11	12	13	14	4	4	14
10	147116108	147239838	1	2	3	3	4	5	6	7	8	9	10	11	12	13	3	3	13
10	147239838	147245650	1	2	3	3	4	2	5	6	7	8	9	10	11	12	3	3	12
10	147245650	147246077	1	2	3	4	5	2	6	7	8	9	10	11	12	13	3	4	13
10	147246077	147316518	1	2	3	3	4	2	5	6	7	8	9	10	11	12	3	3	12
10	147316518	147356112	1	2	3	4	5	2	6	7	8	9	10	11	12	13	4	4	13
10	147356112	147387754	1	2	3	4	5	2	6	7	8	9	10	11	7	12	4	4	12
10	147387754	147518833	1	2	3	4	5	2	6	7	8	9	10	6	7	11	4	4	11
10	147518833	147769863	1	2	3	4	5	2	6	7	8	9	10	11	7	12	4	4	12
10	147769863	147854044	1	2	3	4	5	2	6	7	8	9	10	11	7	12	13	4	13
10	147854044	147876533	1	2	3	4	5	2	6	7	8	9	10	11	12	13	14	4	14
10	147876533	147943333	1	2	3	4	5	2	6	7	8	9	10	11	12	13	14	15	15
10	147943333	147946249	1	2	3	4	5	2	6	7	8	9	10	11	12	13	14	10	14
10	147946249	148001467	1	2	3	4	5	6	7	8	9	10	11	12	13	14	15	11	15
10	148001467	148001974	1	2	3	4	2	5	6	7	8	9	10	11	12	13	14	10	14
10	148001974	148015899	1	2	3	4	2	5	3	6	7	8	9	10	11	12	13	9	13
10	148015899	148038959	1	2	3	4	2	5	3	4	6	7	8	9	10	11	12	8	12
10	148038959	148134413	1	2	3	4	2	2	3	4	5	6	7	8	9	10	11	12	12
10	148134413	148136060	1	2	3	4	2	2	3	4	5	6	7	8	9	10	11	2	11
10	148136060	148162738	1	2	3	4	2	2	3	4	5	3	6	7	8	9	10	2	10
10	148162738	148186291	1	2	3	4	2	2	3	5	6	3	7	8	9	10	11	2	11
10	148186291	148186341	1	2	3	4	2	2	5	6	7	5	8	9	10	11	12	2	12
10	148186341	148200099	1	2	3	4	5	5	6	7	8	6	9	10	11	12	13	5	13
10	148200099	148202108	1	2	3	4	5	5	6	3	7	6	8	9	10	11	12	5	12
10	148202108	148261711	1	2	3	4	5	6	7	3	8	7	9	10	11	12	13	6	13
10	148261711	148264642	1	2	3	4	5	6	7	3	8	9	10	11	12	13	14	6	14
10	148264642	148343618	1	2	3	4	5	6	7	3	8	9	10	11	12	13	14	15	15
10	148343618	148374949	1	2	3	4	5	6	7	3	8	9	10	11	12	13	4	14	14
10	148374949	148399140	1	2	3	4	5	6	7	8	9	10	11	12	13	14	4	15	15
10	148399140	148400329	1	2	3	4	5	6	7	8	9	10	11	12	13	9	4	14	14
10	148400329	148407097	1	2	3	4	5	6	7	8	3	9	10	11	12	3	4	13	13
10	148407097	148626776	1	2	3	4	5	6	7	8	3	1	9	10	11	3	4	12	12
10	148626776	148627409	1	2	3	4	5	6	7	8	9	1	10	11	12	9	4	13	13
10	148627409	148628271	1	2	3	4	5	6	7	8	9	10	11	12	13	9	4	14	14
10	148628271	148723360	1	2	3	4	5	6	7	8	9	10	11	12	13	14	4	15	15
10	148723360	148730408	1	2	3	4	5	6	7	8	9	10	11	12	13	2	4	14	14
10	148730408	148922189	1	2	3	4	5	6	7	8	9	10	11	12	13	2	14	15	15
10	148922189	149051278	1	2	3	4	5	6	7	8	9	10	11	12	13	14	15	16	16
10	149051278	149364370	1	2	3	4	5	6	7	8	9	10	11	12	13	14	15	4	15
10	149364370	149453319	1	2	3	4	5	6	7	8	9	10	11	12	13	3	14	4	14
10	149453319	149626260	1	2	3	4	5	6	7	8	9	10	11	12	13	14	15	4	15
10	149626260	149657046	1	2	3	4	5	6	7	8	9	10	11	12	13	14	15	16	16
10	149657046	149752836	1	2	3	4	5	6	7	8	9	10	11	12	13	14	15	13	15
10	149752836	149753887	1	2	3	4	5	6	7	8	9	10	11	12	2	13	14	2	14
10	149753887	149762223	1	2	3	4	2	5	6	7	8	9	10	11	2	12	13	2	13
10	149762223	149764208	1	2	3	2	2	4	5	6	7	8	9	10	2	11	12	2	12
10	149764208	149775924	1	2	3	4	4	5	6	7	8	9	10	11	4	12	13	2	13
10	149775924	149951365	1	2	3	4	4	5	5	6	7	8	9	10	4	11	12	2	12
10	149951365	150054128	1	2	3	4	4	5	5	6	7	8	9	10	4	6	11	2	11
10	150054128	150075631	1	2	3	4	4	5	5	6	7	8	9	10	4	6	11	12	12
10	150075631	150076186	1	2	3	4	4	5	5	6	7	8	9	10	4	11	12	13	13
10	150076186	150079431	1	2	3	4	4	5	6	7	8	9	10	11	4	12	13	14	14
10	150079431	150285041	1	2	3	4	4	5	6	7	8	9	10	3	4	11	12	13	13
10	150285041	150354231	1	2	3	4	4	5	6	7	8	9	10	11	4	12	13	14	14
10	150354231	150491335	1	2	3	4	4	5	6	7	8	9	10	11	4	8	12	13	13
10	150491335	150497541	1	2	3	4	4	5	6	7	8	9	10	11	4	8	7	12	12
10	150497541	150826164	1	2	3	4	4	5	6	7	8	9	10	5	4	8	7	11	11
10	150826164	150856879	1	2	3	4	4	5	6	7	8	9	10	5	11	8	7	12	12
10	150856879	150903715	1	2	3	4	5	6	7	8	9	10	11	12	13	14	15	16	16
