chrom	start	end	B73_inra	A632_usa	CO255_inra	FV252_inra	OH43_inra	A654_inra	FV2_inra	C103_inra	EP1_inra	D105_inra	W117_inra	B96	DK63	F492	ND245	VA85	n_haps
1	48208	83134	1	2	3	4	5	6	7	8	9	10	11	12	13	14	13	15	15
1	83134	222469	1	2	3	4	5	6	7	8	9	10	11	6	12	13	12	14	14
1	222469	402887	1	2	3	4	5	6	7	8	3	9	10	6	11	12	11	13	13
1	402887	692904	1	2	3	4	1	5	6	7	3	8	9	5	10	11	10	12	12
1	692904	1033872	1	2	3	4	1	5	6	7	3	8	9	10	11	12	11	13	13
1	1033872	1039304	1	2	3	4	1	5	6	7	3	8	9	10	11	12	13	14	14
1	1039304	1220089	1	2	3	4	1	5	6	7	3	8	9	10	11	12	11	13	13
1	1220089	1232375	1	2	3	4	1	5	6	7	3	8	9	10	11	7	11	12	12
1	1232375	1612444	1	2	3	4	1	5	6	5	3	7	8	9	10	5	10	11	11
1	1612444	1687432	1	2	3	4	1	5	6	7	3	8	9	10	11	7	11	12	12
1	1687432	1698932	1	2	3	4	5	6	7	8	3	9	10	11	12	8	12	13	13
1	1698932	1715346	1	2	3	4	5	6	7	8	3	9	10	11	12	13	14	15	15
1	1715346	1716950	1	2	3	4	5	6	7	8	3	9	10	11	1	12	13	14	14
1	1716950	1838392	1	2	3	4	5	6	7	8	3	9	3	10	1	11	12	13	13
1	1838392	1995248	1	1	2	3	4	5	6	7	2	8	2	9	1	10	11	12	12
1	1995248	2017526	1	1	2	3	4	5	6	7	2	8	2	9	10	11	12	13	13
1	2017526	2750059	1	1	2	3	4	5	6	7	2	8	9	10	11	12	13	14	14
1	2750059	3178710	1	2	3	4	5	6	7	8	3	9	10	11	12	13	14	15	15
1	3178710	3225079	1	2	3	4	5	6	7	8	3	9	10	3	11	12	13	14	14
1	3225079	3288161	1	2	3	4	5	6	7	6	3	8	9	3	10	11	12	13	13
1	3288161	3374542	1	2	3	4	5	6	7	6	3	8	9	3	10	11	3	4	11
1	3374542	3377606	1	2	3	4	5	6	7	6	3	8	9	10	11	12	10	4	12
1	3377606	3439318	1	2	3	4	5	6	7	8	3	9	10	11	12	13	11	4	13
1	3439318	3445153	1	2	3	4	5	6	7	8	3	9	10	11	12	13	14	4	14
1	3445153	3548043	1	2	3	4	5	6	7	8	3	9	10	11	12	13	14	15	15
1	3548043	3573008	1	2	3	4	5	6	7	8	3	9	1	10	11	12	13	14	14
1	3573008	3574889	1	2	3	1	4	5	6	7	3	8	1	9	10	11	12	13	13
1	3574889	3774608	1	2	3	1	4	5	6	7	3	8	1	9	10	11	7	12	12
1	3774608	3775407	1	2	3	1	4	5	6	7	3	8	1	9	10	11	12	13	13
1	3775407	3775881	1	2	3	1	4	5	6	7	3	8	9	10	11	12	13	14	14
1	3775881	3782777	1	2	3	4	5	6	7	8	3	9	10	11	12	13	14	15	15
1	3782777	3852760	1	2	3	4	5	6	7	8	3	2	9	10	11	12	13	14	14
1	3852760	3966873	1	2	3	4	5	6	7	8	3	9	10	11	12	13	14	15	15
1	3966873	4283893	1	2	3	1	4	5	6	7	3	8	9	10	11	12	13	14	14
1	4283893	5203293	1	2	3	4	5	6	7	8	3	9	10	11	12	13	14	15	15
1	5203293	5206540	1	2	3	4	5	6	7	8	3	9	10	11	12	13	14	5	14
1	5206540	5520987	1	2	3	4	5	6	7	8	3	9	6	10	11	12	13	5	13
1	5520987	5523286	1	2	3	4	5	6	7	8	3	9	10	11	12	13	14	5	14
1	5523286	5610769	1	2	3	4	5	6	7	8	9	10	11	12	13	14	15	5	15
1	5610769	5703502	1	2	3	4	5	6	7	8	9	10	11	12	13	1	14	5	14
1	5703502	5714577	1	2	3	4	5	6	7	8	9	10	11	12	13	1	14	15	15
1	5714577	5819130	1	2	3	4	5	6	7	8	9	9	10	11	12	1	13	14	14
1	5819130	5819298	1	2	3	4	1	5	6	7	8	8	9	10	11	1	12	13	13
1	5819298	5819415	1	2	3	4	1	1	5	6	7	7	8	9	10	1	11	12	12
1	5819415	5884952	1	2	3	4	1	1	5	6	7	7	8	9	10	11	12	13	13
1	5884952	5904647	1	2	3	4	1	1	5	6	7	8	9	10	11	12	13	14	14
1	5904647	5905678	1	2	3	4	1	1	5	6	7	8	9	10	8	11	12	13	13
1	5905678	5906754	1	2	3	4	1	1	5	1	6	7	8	9	7	10	11	12	12
1	5906754	6033452	1	2	3	4	1	1	5	1	3	6	7	8	6	9	10	11	11
1	6033452	6160568	1	2	3	4	5	1	6	5	3	7	8	9	7	10	11	12	12
1	6160568	6235857	1	2	3	4	5	1	6	5	3	7	8	9	7	10	4	11	11
1	6235857	6240014	1	2	3	4	5	6	7	5	3	8	9	10	8	11	4	12	12
1	6240014	6275369	1	2	3	4	5	6	7	8	3	9	10	11	9	12	4	13	13
1	6275369	6319786	1	2	3	4	5	6	7	8	9	10	11	12	10	13	4	14	14
1	6319786	6407046	1	2	3	4	5	6	7	8	9	10	11	12	13	14	4	15	15
1	6407046	6527200	1	2	3	4	5	6	7	8	9	10	11	12	13	14	15	16	16
1	6527200	6532815	1	2	3	4	5	6	7	8	9	10	11	12	2	13	14	15	15
1	6532815	6765669	1	2	3	4	5	6	7	8	3	9	10	11	2	12	13	14	14
1	6765669	7035633	1	2	3	4	5	6	7	8	3	9	10	11	2	12	13	8	13
1	7035633	7105587	1	2	3	4	5	6	7	8	3	9	10	11	12	13	14	8	14
1	7105587	7354386	1	2	3	4	5	6	7	8	3	9	10	11	12	13	10	8	13
1	7354386	7389388	1	2	3	4	5	6	7	8	3	9	10	11	12	13	14	8	14
1	7389388	7563961	1	2	3	4	5	6	7	8	3	9	10	11	12	13	14	15	15
1	7563961	7565739	1	2	3	4	5	6	7	8	3	1	9	10	11	12	13	14	14
1	7565739	7598221	1	2	3	4	5	6	7	8	3	1	9	10	11	12	2	13	13
1	7598221	7714367	1	2	1	3	4	5	6	7	1	1	8	9	10	11	2	12	12
1	7714367	7716516	1	2	1	3	4	5	6	7	1	1	8	9	10	11	2	4	11
1	7716516	7882777	1	2	1	3	4	5	6	7	1	1	8	9	3	10	2	4	10
1	7882777	7970667	1	2	1	3	4	5	6	7	1	1	8	9	3	10	11	4	11
1	7970667	7976775	1	2	3	4	5	6	7	8	3	1	9	10	4	11	12	5	12
1	7976775	7978132	1	2	3	4	5	6	7	8	3	1	9	10	11	12	13	5	13
1	7978132	7988846	1	2	3	4	5	6	7	8	3	9	10	11	12	13	14	5	14
1	7988846	8016497	1	2	3	4	5	6	7	8	9	10	11	12	13	14	15	5	15
1	8016497	8775869	1	2	3	4	5	6	7	8	9	10	11	12	13	14	15	16	16
1	8775869	9116599	1	2	3	4	5	6	7	8	9	10	11	12	13	6	14	15	15
1	9116599	9269565	1	2	3	4	5	6	7	8	9	10	11	12	13	14	15	16	16
1	9269565	9353646	1	2	3	2	4	5	6	7	8	9	10	11	12	13	14	15	15
1	9353646	9454789	1	2	3	2	4	4	5	6	7	8	9	10	11	12	13	14	14
1	9454789	9490703	1	2	3	2	4	5	6	7	8	9	10	11	12	13	14	15	15
1	9490703	9490709	1	2	3	2	4	5	6	7	8	9	4	10	11	12	13	2	13
1	9490709	9491183	1	2	3	4	5	6	7	5	8	9	5	10	11	12	13	2	13
1	9491183	9876798	1	2	3	4	4	5	6	4	7	8	4	9	10	11	12	2	12
1	9876798	9885046	1	2	3	4	5	6	7	4	8	9	4	10	11	12	13	14	14
1	9885046	9885923	1	2	3	4	5	6	7	4	8	6	4	9	10	11	12	13	13
1	9885923	10109433	1	2	3	4	5	6	7	8	9	6	4	10	11	12	13	14	14
1	10109433	10110016	1	2	3	4	1	5	6	7	8	5	4	9	10	11	12	13	13
1	10110016	10257811	1	2	3	4	1	3	5	6	7	3	8	9	10	11	12	13	13
1	10257811	10616645	1	2	3	4	1	3	5	6	7	3	1	8	9	10	11	12	12
1	10616645	10619772	1	2	3	4	5	3	6	7	8	3	1	9	10	11	12	13	13
1	10619772	10621818	1	2	3	4	5	6	7	8	9	3	1	10	11	12	13	14	14
1	10621818	10982818	1	2	3	4	5	6	7	8	9	3	10	11	12	13	14	15	15
1	10982818	10992832	1	2	3	4	5	6	7	8	9	10	11	12	13	14	15	16	16
1	10992832	11041869	1	2	3	4	5	6	7	8	3	9	10	11	12	13	14	15	15
1	11041869	11325376	1	2	3	4	5	1	6	7	3	8	9	10	11	12	13	14	14
1	11325376	11668122	1	2	3	4	5	6	7	8	3	9	10	11	12	13	14	15	15
1	11668122	11669677	1	2	3	4	5	6	7	8	3	9	10	11	12	13	14	2	14
1	11669677	11670223	1	2	3	4	5	6	7	8	9	10	11	12	13	14	15	2	15
1	11670223	12182061	1	2	3	4	5	6	7	8	9	10	2	11	12	13	14	2	14
1	12182061	12293012	1	2	3	4	5	6	7	8	3	9	2	10	11	12	13	2	13
1	12293012	12354889	1	2	3	4	5	6	7	8	3	9	2	10	11	12	13	14	14
1	12354889	12631179	1	2	3	4	5	6	7	8	3	9	10	11	12	13	14	15	15
1	12631179	12681612	1	2	3	4	5	6	7	8	3	9	10	11	12	11	13	5	13
1	12681612	12847631	1	2	3	4	5	6	7	8	3	9	10	11	12	11	12	5	12
1	12847631	12854619	1	2	3	2	4	5	6	7	3	8	9	10	11	10	11	4	11
1	12854619	12992991	1	2	3	2	4	5	6	7	3	8	9	10	11	12	11	13	13
1	12992991	13002698	1	2	3	2	4	5	6	7	3	8	9	10	11	12	11	4	12
1	13002698	13053862	1	2	3	4	5	6	7	8	3	9	10	11	12	13	14	5	14
1	13053862	13106013	1	2	3	4	5	1	6	7	3	8	9	10	11	12	13	5	13
1	13106013	13338726	1	2	3	4	5	1	6	7	3	8	9	10	9	11	12	5	12
1	13338726	13483956	1	2	3	4	5	1	6	7	3	8	9	10	11	12	13	5	13
1	13483956	13864423	1	2	3	2	4	1	5	6	3	7	8	9	10	11	12	4	12
1	13864423	13868623	1	2	3	4	5	1	6	7	3	8	9	10	11	12	13	5	13
1	13868623	13905651	1	2	3	4	5	1	6	7	8	9	10	11	12	13	14	5	14
1	13905651	14256286	1	2	3	4	5	1	6	7	3	8	9	10	11	12	13	5	13
1	14256286	14320540	1	2	3	4	5	6	7	8	3	9	10	11	12	13	14	5	14
1	14320540	14359261	1	1	2	3	4	5	6	7	2	8	9	10	11	12	13	4	13
1	14359261	14363847	1	1	2	3	4	5	6	7	2	8	5	9	10	11	12	4	12
1	14363847	14365270	1	1	2	3	4	5	6	7	2	8	5	9	10	10	11	4	11
1	14365270	14580817	1	1	2	1	3	4	5	6	2	7	4	8	9	9	10	3	10
1	14580817	14652328	1	1	2	1	3	4	5	6	2	7	8	9	10	10	11	3	11
1	14652328	14656438	1	1	2	1	3	4	5	6	2	7	8	9	10	11	12	3	12
1	14656438	15194194	1	1	2	3	4	5	6	7	2	8	9	10	11	12	13	4	13
1	15194194	15402623	1	2	3	4	5	6	7	8	3	9	10	11	12	13	14	5	14
1	15402623	15403410	1	2	3	4	5	6	7	8	9	10	11	12	13	14	15	5	15
1	15403410	15410945	1	2	3	4	5	6	7	8	3	9	10	11	12	13	14	5	14
1	15410945	15754435	1	2	3	4	5	6	7	8	3	9	2	10	11	12	13	5	13
1	15754435	16233650	1	2	3	4	5	6	7	8	3	9	10	11	12	13	12	5	13
1	16233650	16279988	1	2	3	4	5	6	7	8	3	9	10	11	12	13	14	5	14
1	16279988	16298803	1	1	2	3	4	5	6	7	2	8	9	10	11	12	13	4	13
1	16298803	16814940	1	1	2	3	4	5	6	7	2	8	9	10	1	11	12	4	12
1	16814940	16841320	1	1	2	3	4	5	6	7	2	8	9	10	1	11	12	13	13
1	16841320	17149038	1	1	2	3	4	5	6	7	2	8	9	10	1	11	12	5	12
1	17149038	17193060	1	1	2	3	4	5	6	7	2	8	9	10	11	12	13	5	13
1	17193060	17309714	1	1	2	3	4	5	6	7	8	9	10	11	12	13	14	5	14
1	17309714	17363810	1	1	2	3	4	5	6	7	2	8	9	10	11	12	13	5	13
1	17363810	17365635	1	1	2	3	4	5	6	7	2	8	5	9	10	11	12	5	12
1	17365635	17841640	1	1	2	3	4	5	6	7	2	6	5	8	9	10	11	5	11
1	17841640	17930387	1	1	2	3	4	5	6	7	2	8	5	9	10	11	12	5	12
1	17930387	17947021	1	2	3	4	5	6	7	8	3	9	6	10	11	12	13	6	13
1	17947021	17999107	1	2	3	4	5	6	7	8	3	9	10	11	12	13	14	6	14
1	17999107	18146326	1	2	3	4	5	6	7	8	3	9	10	11	12	13	14	15	15
1	18146326	18195776	1	2	3	4	5	6	7	8	3	9	10	11	12	13	14	14	14
1	18195776	18456620	1	2	3	4	5	6	7	8	3	9	10	11	6	12	13	13	13
1	18456620	18955612	1	2	3	4	5	6	7	8	9	10	11	12	6	13	14	14	14
1	18955612	19315466	1	2	3	4	5	6	7	8	9	10	11	12	13	14	15	15	15
1	19315466	20294269	1	2	3	4	5	6	7	8	9	10	11	12	13	14	15	16	16
1	20294269	20296050	1	2	3	4	5	6	7	8	9	10	11	12	4	13	14	15	15
1	20296050	20406348	1	2	3	4	5	1	6	7	8	9	10	11	4	12	13	14	14
1	20406348	20408553	1	2	3	4	5	1	6	7	8	9	10	11	4	12	13	13	13
1	20408553	20428272	1	2	3	4	5	1	6	7	8	9	10	11	4	12	2	2	12
1	20428272	20429853	1	2	2	3	4	1	5	6	7	8	9	10	3	11	2	2	11
1	20429853	20431874	1	2	2	3	4	1	5	2	6	7	8	9	3	10	2	2	10
1	20431874	21016328	1	2	2	3	4	1	5	2	6	3	7	8	3	9	2	2	9
1	21016328	21201109	1	2	2	3	4	1	5	2	6	7	8	9	3	10	2	2	10
1	21201109	21527039	1	2	2	3	4	1	5	2	6	7	8	9	3	1	2	2	9
1	21527039	21545117	1	2	2	3	4	1	5	2	6	7	8	9	10	1	2	2	10
1	21545117	21686389	1	2	2	3	4	1	5	2	6	7	8	9	3	1	2	2	9
1	21686389	21694194	1	2	2	1	3	1	4	2	5	6	7	8	1	1	2	2	8
1	21694194	21760827	1	2	2	1	3	1	4	2	5	6	7	8	1	9	2	2	9
1	21760827	21762472	1	2	3	1	4	1	5	3	6	7	8	9	1	10	3	3	10
1	21762472	21774917	1	2	3	4	5	4	6	3	7	8	9	10	4	11	3	3	11
1	21774917	21777413	1	2	3	4	5	4	6	3	7	8	9	10	4	11	12	12	12
1	21777413	21885164	1	2	3	4	5	4	6	3	7	8	9	10	4	11	12	13	13
1	21885164	21900587	1	2	3	4	5	4	6	7	8	9	10	11	4	12	13	14	14
1	21900587	22004104	1	2	3	4	5	6	7	8	9	10	11	12	6	13	14	15	15
1	22004104	22030927	1	2	3	4	5	6	7	8	9	10	11	12	13	14	3	15	15
1	22030927	22055710	1	2	3	4	5	4	6	7	8	9	10	11	12	13	3	2	13
1	22055710	22169077	1	2	3	4	5	4	6	7	8	9	10	11	2	12	3	2	12
1	22169077	22263870	1	2	3	4	5	4	6	7	8	4	9	10	2	11	3	2	11
1	22263870	22372061	1	2	3	4	5	4	6	7	8	4	9	10	2	6	3	2	10
1	22372061	22489116	1	2	3	4	5	4	6	7	8	4	4	9	2	6	3	2	9
1	22489116	22491537	1	2	3	4	5	4	6	7	8	4	4	9	10	6	3	2	10
1	22491537	22596814	1	2	3	4	5	4	6	7	8	4	4	9	2	6	3	2	9
1	22596814	22613656	1	2	3	4	5	4	6	7	8	9	9	10	2	6	3	2	10
1	22613656	22615510	1	2	3	4	5	4	6	7	8	9	9	10	2	6	11	2	11
1	22615510	22731755	1	2	3	4	5	4	6	7	8	9	9	10	2	6	3	2	10
1	22731755	22874608	1	2	3	4	5	6	7	8	9	10	10	11	2	7	3	12	12
1	22874608	23495947	1	2	3	4	5	6	7	8	9	10	11	12	2	7	3	13	13
1	23495947	23624932	1	2	3	4	5	6	7	8	9	10	11	12	2	13	3	14	14
1	23624932	23625909	1	2	3	4	5	6	7	8	1	9	10	11	2	12	3	13	13
1	23625909	23626938	1	2	3	4	5	6	7	8	1	9	10	11	2	12	13	14	14
1	23626938	23685407	1	2	1	3	4	5	6	7	1	8	9	10	2	11	12	13	13
1	23685407	23735075	1	2	1	3	4	5	6	7	1	8	9	10	11	12	13	14	14
1	23735075	23974676	1	2	1	3	4	5	6	7	1	8	9	10	2	11	12	13	13
1	23974676	24041010	1	2	1	3	4	5	6	7	1	8	9	10	2	11	9	12	12
1	24041010	24299382	1	2	1	3	4	5	6	7	1	8	9	10	2	6	9	11	11
1	24299382	24418096	1	2	3	4	5	6	7	8	3	9	10	11	2	7	10	12	12
1	24418096	24558776	1	2	3	4	5	6	7	8	3	9	10	11	12	7	10	13	13
1	24558776	24589621	1	2	3	4	5	6	7	8	3	9	10	11	12	7	13	14	14
1	24589621	24674095	1	2	3	4	5	6	7	8	3	9	10	11	12	13	14	15	15
1	24674095	25039608	1	2	3	4	5	6	7	8	3	9	10	11	12	13	12	14	14
1	25039608	26045407	1	2	3	4	5	6	7	8	3	9	10	11	12	13	14	15	15
1	26045407	26182854	1	2	3	4	5	6	7	8	3	3	6	9	10	11	12	10	12
1	26182854	26519009	1	2	3	4	5	6	7	8	3	3	6	9	10	6	11	10	11
1	26519009	26621764	1	2	3	4	5	6	7	8	3	3	6	9	10	11	12	10	12
1	26621764	26700569	1	2	3	4	5	6	7	8	3	3	6	9	10	10	10	10	10
1	26700569	26721124	1	2	3	4	5	6	7	5	3	3	6	8	9	9	9	9	9
1	26721124	26725848	1	2	3	4	5	6	7	5	3	8	6	9	10	10	10	10	10
1	26725848	26770083	1	2	3	4	5	6	7	5	3	8	6	9	10	10	11	11	11
1	26770083	26776591	1	2	3	4	5	6	7	5	3	8	6	9	10	10	6	6	10
1	26776591	26902527	1	2	3	4	5	6	7	5	3	8	9	10	11	11	9	9	11
1	26902527	27087041	1	2	3	4	5	6	7	5	3	8	9	10	11	12	9	9	12
1	27087041	27135618	1	2	3	4	5	6	7	8	3	9	10	11	12	13	10	10	13
1	27135618	27241942	1	2	3	4	5	6	7	8	3	9	10	11	12	13	14	14	14
1	27241942	27312663	1	2	3	4	5	6	7	8	3	9	10	11	12	13	14	15	15
1	27312663	27344595	1	2	3	4	5	6	7	8	3	8	9	10	11	12	13	14	14
1	27344595	27424606	1	2	3	4	5	6	7	8	3	8	9	10	11	12	13	8	13
1	27424606	27428849	1	2	3	4	5	6	7	7	3	7	8	9	10	11	12	7	12
1	27428849	27500251	1	2	3	4	5	6	7	7	3	7	8	9	1	10	11	7	11
1	27500251	27697932	1	2	3	4	5	6	7	7	3	7	8	3	1	9	10	7	10
1	27697932	27699134	1	2	3	4	5	6	7	7	3	7	8	9	1	10	11	7	11
1	27699134	27700682	1	2	3	4	5	6	7	8	3	8	9	10	1	11	12	8	12
1	27700682	27702983	1	2	3	4	5	6	7	8	3	8	9	10	1	8	11	8	11
1	27702983	27819240	1	2	3	4	5	6	7	8	3	9	10	11	1	8	12	8	12
1	27819240	28235369	1	2	3	4	5	6	7	8	3	9	10	11	12	13	14	13	14
1	28235369	28237505	1	2	3	4	5	6	7	8	3	8	9	10	11	12	13	12	13
1	28237505	28579729	1	2	3	4	5	6	7	8	3	8	9	7	10	11	12	11	12
1	28579729	28607996	1	2	3	4	5	6	7	8	3	8	9	10	11	12	13	12	13
1	28607996	28609249	1	2	3	4	5	6	7	5	3	5	8	9	10	11	12	11	12
1	28609249	28642110	1	2	3	4	5	6	7	5	3	8	9	10	11	12	13	12	13
1	28642110	28644802	1	2	3	4	5	6	7	5	3	8	9	10	11	12	13	14	14
1	28644802	28804228	1	2	3	4	5	6	7	5	3	8	9	10	11	4	12	13	13
1	28804228	28959566	1	2	3	4	1	5	6	1	3	7	8	9	10	4	11	12	12
1	28959566	29053306	1	2	3	4	1	5	6	1	3	7	8	9	10	4	7	11	11
1	29053306	29163339	1	2	3	4	1	5	3	1	3	6	7	8	9	4	6	10	10
1	29163339	29170881	1	2	3	4	1	5	3	1	3	6	7	8	9	10	6	11	11
1	29170881	29409011	1	2	3	4	1	5	3	1	3	6	7	8	9	10	6	5	10
1	29409011	29485094	1	2	3	4	1	5	3	1	3	6	7	8	9	10	11	5	11
1	29485094	29674978	1	2	3	4	1	5	3	6	3	7	8	9	10	11	12	5	12
1	29674978	29728790	1	2	3	4	1	5	6	7	3	8	9	10	11	12	13	5	13
1	29728790	29785336	1	2	3	4	5	6	7	8	9	10	11	12	13	14	15	6	15
1	29785336	29828889	1	2	3	4	5	6	7	8	3	9	10	11	12	13	14	6	14
1	29828889	30937625	1	2	3	4	5	6	7	8	3	9	10	11	12	13	14	15	15
1	30937625	30966612	1	2	3	4	5	6	7	8	3	9	10	11	9	12	13	14	14
1	30966612	30967596	1	2	3	4	1	5	6	7	3	8	9	10	8	11	12	13	13
1	30967596	30969167	1	2	3	4	1	5	6	7	3	8	9	10	8	5	11	12	12
1	30969167	31039496	1	2	3	4	1	5	6	7	3	6	8	9	6	5	10	11	11
1	31039496	31208553	1	2	3	4	1	5	6	7	3	6	5	8	6	5	9	10	10
1	31208553	31514953	1	2	3	4	1	5	6	6	3	6	5	7	6	5	8	9	9
1	31514953	31680027	1	2	3	4	1	5	6	6	3	6	5	7	6	5	8	8	8
1	31680027	32051377	1	2	3	4	1	5	6	6	3	6	5	7	8	5	9	9	9
1	32051377	32053662	1	2	3	4	5	6	7	7	3	7	6	8	9	6	10	10	10
1	32053662	32055623	1	2	3	4	5	6	7	8	3	8	6	9	10	6	11	11	11
1	32055623	32072292	1	2	3	4	5	6	7	8	3	8	6	9	10	11	12	12	12
1	32072292	32072902	1	2	3	4	5	6	7	8	3	9	6	10	11	12	13	14	14
1	32072902	32075936	1	2	3	4	5	6	7	8	3	9	10	11	12	13	14	15	15
1	32075936	32438980	1	2	3	4	5	6	7	8	9	10	11	12	13	14	15	16	16
1	32438980	32666116	1	2	3	4	5	6	5	7	8	9	10	11	12	13	14	15	15
1	32666116	32858977	1	2	3	4	5	6	5	7	8	9	10	11	12	13	3	14	14
1	32858977	32862255	1	2	3	4	5	6	7	8	9	10	11	12	13	14	3	15	15
1	32862255	33113201	1	1	2	3	4	5	6	7	8	9	10	11	12	13	2	14	14
1	33113201	33594837	1	1	2	3	4	5	6	7	8	9	10	11	12	13	14	15	15
1	33594837	33598233	1	2	3	4	5	6	7	8	9	10	11	12	13	14	15	16	16
1	33598233	34149215	1	2	3	4	3	5	6	7	8	9	10	11	12	13	14	15	15
1	34149215	34214842	1	2	3	4	5	6	7	8	9	10	11	12	13	14	15	16	16
1	34214842	34691159	1	2	3	4	5	6	7	8	9	10	11	12	13	14	15	10	15
1	34691159	34765769	1	2	3	4	5	6	7	8	9	10	11	12	6	13	14	10	14
1	34765769	35278047	1	2	3	4	5	6	7	8	9	10	11	12	6	13	14	15	15
1	35278047	37265138	1	2	3	4	5	6	7	8	9	10	11	12	13	14	15	16	16
1	37265138	37505400	1	2	3	4	5	6	7	8	3	9	10	11	12	13	14	15	15
1	37505400	38087283	1	2	3	4	5	6	7	8	3	1	9	10	11	12	13	14	14
1	38087283	38092876	1	2	3	4	5	4	6	7	3	1	8	9	10	11	12	13	13
1	38092876	38336805	1	2	3	4	5	4	6	7	3	8	9	10	11	12	13	14	14
1	38336805	38700267	1	2	3	4	5	4	6	7	3	5	8	9	10	11	12	13	13
1	38700267	39162523	1	2	3	2	4	2	5	6	3	4	7	8	9	10	11	12	12
1	39162523	39250937	1	2	3	4	5	2	6	7	3	5	8	9	10	11	12	13	13
1	39250937	39387202	1	2	3	4	5	2	6	7	3	5	8	9	10	11	6	12	12
1	39387202	39461311	1	2	3	4	5	6	7	8	3	5	9	10	11	12	7	13	13
1	39461311	39679994	1	2	3	4	5	6	7	8	3	9	10	11	12	13	7	14	14
1	39679994	39748256	1	2	3	4	5	6	7	8	3	9	10	11	12	13	14	15	15
1	39748256	40265467	1	2	3	4	5	6	7	8	3	9	10	11	12	13	14	2	14
1	40265467	40789287	1	2	3	4	5	6	7	8	3	9	10	11	12	13	14	15	15
1	40789287	41270607	1	2	3	4	5	6	7	8	3	2	9	10	11	12	13	14	14
1	41270607	44246774	1	2	3	4	5	6	7	8	3	9	10	11	12	13	14	15	15
1	44246774	44356950	1	1	2	3	4	5	6	7	2	8	9	10	11	12	13	14	14
1	44356950	44381412	1	1	2	1	3	4	5	6	2	7	8	9	10	11	12	13	13
1	44381412	44975948	1	1	2	1	3	4	5	6	2	7	2	8	9	10	11	12	12
1	44975948	44976419	1	1	2	1	3	4	5	6	2	7	2	8	9	10	11	9	11
1	44976419	45151083	1	1	2	1	3	4	5	6	2	7	8	9	10	11	12	10	12
1	45151083	45300445	1	1	2	3	4	5	6	7	2	8	9	10	11	12	13	11	13
1	45300445	45864365	1	2	3	4	5	6	7	8	3	9	10	11	12	13	14	12	14
1	45864365	46006770	1	2	3	4	5	6	7	8	3	9	1	10	11	12	13	11	13
1	46006770	46174053	1	2	3	4	5	6	7	8	3	9	1	10	11	12	13	14	14
1	46174053	46191521	1	2	3	4	5	6	7	8	9	10	1	11	12	13	14	15	15
1	46191521	46665603	1	2	3	4	5	6	7	8	9	10	11	12	13	14	15	16	16
1	46665603	47297988	1	2	3	4	5	4	6	7	8	9	10	11	12	13	14	15	15
1	47297988	47589799	1	2	3	4	5	6	7	8	9	10	11	12	13	14	15	16	16
1	47589799	47605498	1	2	3	4	5	6	7	8	9	10	11	12	13	14	15	6	15
1	47605498	48746687	1	2	3	4	5	6	7	8	9	10	3	11	12	13	14	6	14
1	48746687	48936436	1	2	3	4	5	6	7	8	9	10	3	11	12	13	14	15	15
1	48936436	48956187	1	2	3	4	5	6	7	8	9	10	11	12	13	14	15	16	16
1	48956187	49005047	1	1	2	3	4	5	6	7	8	9	10	11	12	13	14	15	15
1	49005047	49047584	1	1	2	3	4	5	6	7	8	9	10	11	12	13	3	14	14
1	49047584	49063048	1	1	2	3	4	5	6	7	8	9	10	11	12	13	3	3	13
1	49063048	49497654	1	1	2	3	4	5	6	7	8	9	10	11	3	12	3	3	12
1	49497654	49535503	1	1	2	3	4	5	6	7	8	7	9	10	3	11	3	3	11
1	49535503	50011294	1	1	2	3	4	5	2	6	7	6	8	9	3	10	3	3	10
1	50011294	50352329	1	1	2	3	4	5	2	6	7	6	4	8	3	9	3	3	9
1	50352329	50865011	1	1	2	3	4	5	6	7	8	7	4	9	3	10	3	3	10
1	50865011	51360971	1	1	2	3	4	5	6	7	8	9	4	10	3	11	3	3	11
1	51360971	51363738	1	1	2	3	4	5	6	7	8	9	4	10	11	12	11	11	12
1	51363738	51404322	1	1	2	3	4	5	6	7	8	9	4	10	11	12	13	13	13
1	51404322	51407820	1	1	2	3	4	5	6	7	8	9	4	10	11	12	13	14	14
1	51407820	51408633	1	1	2	3	4	5	6	7	8	9	4	10	1	11	12	13	13
1	51408633	51455914	1	1	2	3	4	5	6	7	8	8	4	9	1	10	11	12	12
1	51455914	51834134	1	1	2	3	4	5	6	7	8	8	9	10	1	11	12	13	13
1	51834134	51904420	1	1	2	3	4	5	6	7	8	9	10	11	12	13	14	15	15
1	51904420	51935279	1	1	2	3	4	5	6	7	6	8	9	10	11	12	13	14	14
1	51935279	51977361	1	1	2	3	4	5	6	7	6	8	9	10	7	11	12	13	13
1	51977361	52310776	1	1	2	2	3	4	5	6	5	7	8	9	6	10	11	12	12
1	52310776	52311129	1	1	2	2	3	4	5	6	5	6	7	8	6	9	10	11	11
1	52311129	52584274	1	1	2	2	3	4	5	6	7	6	8	9	6	10	11	12	12
1	52584274	52750098	1	1	2	2	3	4	5	6	7	8	9	10	8	11	12	13	13
1	52750098	52752783	1	1	2	2	3	4	5	6	7	8	9	10	11	12	13	14	14
1	52752783	53029577	1	2	3	3	1	4	5	6	7	8	9	10	11	12	13	14	14
1	53029577	53326800	1	2	1	1	1	3	4	5	6	7	8	9	10	11	12	13	13
1	53326800	53369486	1	2	1	3	1	4	5	6	7	8	9	10	11	12	13	14	14
1	53369486	53585167	1	2	3	4	3	5	6	7	8	9	10	11	12	13	14	15	15
1	53585167	53882633	1	2	3	4	3	3	5	6	7	8	9	10	11	12	13	14	14
1	53882633	54025680	1	2	3	4	3	3	5	6	5	7	8	9	10	11	12	13	13
1	54025680	54030124	1	2	3	4	5	3	6	7	6	8	9	10	11	12	13	14	14
1	54030124	54295074	1	2	3	4	5	6	7	8	7	9	10	11	12	13	14	15	15
1	54295074	54929422	1	2	3	4	5	6	7	8	7	9	10	11	8	12	13	14	14
1	54929422	55116320	1	2	3	4	5	6	7	8	9	10	11	12	8	13	14	15	15
1	55116320	57269600	1	2	3	4	5	6	7	8	9	10	11	12	13	14	15	16	16
1	57269600	57495717	1	2	3	4	5	6	7	8	9	10	11	12	1	13	14	15	15
1	57495717	57539451	1	2	3	4	5	6	7	8	9	10	11	12	1	13	14	10	14
1	57539451	57878108	1	2	3	4	3	5	6	7	8	9	10	11	1	12	13	9	13
1	57878108	57997660	1	2	3	4	3	5	6	7	8	9	1	10	1	11	12	9	12
1	57997660	58051329	1	2	3	4	3	5	6	7	8	9	1	10	11	12	13	9	13
1	58051329	58586290	1	2	3	4	3	5	6	7	8	9	1	10	11	2	12	9	12
1	58586290	58837857	1	2	3	4	3	5	6	7	8	9	1	10	11	2	12	13	13
1	58837857	59107279	1	2	3	4	3	5	6	7	8	9	10	11	12	2	13	14	14
1	59107279	59108026	1	2	3	4	5	6	7	8	9	10	11	12	13	2	14	15	15
1	59108026	63232169	1	2	3	4	5	6	7	8	9	10	11	12	13	14	15	16	16
1	63232169	63901714	1	2	3	4	5	6	7	8	9	10	11	12	4	13	14	15	15
1	63901714	64479515	1	2	3	4	5	2	6	7	8	9	10	11	4	12	13	14	14
1	64479515	65850095	1	2	3	4	5	2	6	7	8	9	10	11	12	13	14	15	15
1	65850095	66249673	1	2	3	4	5	6	7	8	9	10	11	12	13	14	15	16	16
1	66249673	67195156	1	2	3	4	5	4	6	7	8	9	10	11	12	13	14	15	15
1	67195156	67321145	1	2	3	4	5	6	7	8	9	10	11	12	13	14	15	16	16
1	67321145	67807492	1	1	2	3	4	5	6	7	8	9	10	11	12	13	14	15	15
1	67807492	69162135	1	1	2	3	3	4	5	6	7	8	9	10	11	12	13	14	14
1	69162135	69322420	1	1	2	3	3	4	5	6	7	1	8	9	10	11	12	13	13
1	69322420	69617563	1	1	2	3	4	5	6	7	8	1	9	10	11	12	13	14	14
1	69617563	70066310	1	1	2	3	3	4	5	6	7	1	8	9	10	11	12	13	13
1	70066310	70304566	1	1	2	3	3	4	5	6	7	1	8	9	3	10	11	12	12
1	70304566	70371328	1	2	3	4	4	5	6	7	8	2	9	10	4	11	12	13	13
1	70371328	70445509	1	2	3	4	4	5	6	7	8	9	10	11	4	12	13	14	14
1	70445509	70500594	1	2	3	4	4	5	6	7	8	9	10	11	4	12	13	2	13
1	70500594	70866020	1	2	3	4	5	6	7	8	9	10	11	12	5	13	14	2	14
1	70866020	70975211	1	2	3	4	5	6	7	8	9	10	11	12	13	14	15	2	15
1	70975211	71831485	1	2	3	4	5	6	7	8	9	10	11	12	6	13	14	2	14
1	71831485	71832117	1	2	3	4	5	6	7	8	9	10	11	12	2	13	14	2	14
1	71832117	73454437	1	2	3	4	5	6	7	8	9	10	11	12	2	13	14	15	15
1	73454437	73575662	1	1	2	3	4	5	6	7	8	9	10	11	1	12	13	14	14
1	73575662	73576981	1	1	2	3	4	5	6	7	8	9	10	11	1	12	9	13	13
1	73576981	74640576	1	1	2	3	4	5	6	7	8	3	9	10	1	11	3	12	12
1	74640576	74654176	1	1	2	3	4	5	6	7	8	3	9	10	1	11	12	13	13
1	74654176	75289952	1	1	2	3	4	5	6	7	8	9	10	11	1	12	13	14	14
1	75289952	75290562	1	2	3	4	5	6	7	8	9	10	11	12	1	13	14	15	15
1	75290562	75382381	1	1	2	3	4	5	6	7	8	9	10	11	1	12	13	14	14
1	75382381	76844680	1	2	3	4	5	6	7	8	9	10	11	12	2	13	14	15	15
1	76844680	77815384	1	2	3	4	2	5	6	7	8	9	10	11	2	12	13	14	14
1	77815384	77936986	1	2	3	4	5	6	7	8	9	10	11	12	2	13	14	15	15
1	77936986	78657554	1	2	3	4	5	6	7	8	9	10	11	12	13	14	15	16	16
1	78657554	79510953	1	2	3	4	5	6	7	8	9	10	11	12	13	14	15	8	15
1	79510953	79634205	1	2	3	4	5	6	7	8	9	6	10	11	12	13	14	8	14
1	79634205	79831186	1	2	3	4	5	6	7	8	9	6	5	10	11	12	13	8	13
1	79831186	80666691	1	2	3	4	5	6	7	8	9	6	5	10	2	11	12	8	12
1	80666691	81308182	1	2	3	4	5	6	7	8	9	10	5	11	2	12	13	14	14
1	81308182	81310049	1	2	3	4	5	6	7	8	9	10	5	11	12	13	14	15	15
1	81310049	84451590	1	2	3	4	5	6	7	8	9	10	11	12	13	14	15	16	16
1	84451590	84608234	1	2	3	4	5	6	7	8	9	10	11	12	2	13	14	15	15
1	84608234	84665225	1	2	3	4	5	6	7	8	7	9	10	11	2	12	13	14	14
1	84665225	85997717	1	2	3	4	5	4	6	7	6	8	9	10	2	11	12	13	13
1	85997717	86455059	1	2	3	4	5	6	7	8	7	9	10	11	2	12	13	14	14
1	86455059	86768692	1	2	3	4	5	6	7	8	7	9	10	11	2	12	2	13	13
1	86768692	87040796	1	2	3	4	5	6	7	8	9	10	11	12	2	13	2	14	14
1	87040796	87095039	1	2	3	4	5	6	7	8	9	10	11	12	13	14	13	15	15
1	87095039	87588877	1	2	3	4	5	6	7	8	9	10	11	12	2	13	2	14	14
1	87588877	87592114	1	2	3	4	5	3	6	7	8	9	10	11	2	12	2	13	13
1	87592114	87743284	1	2	3	2	4	3	5	6	7	8	9	10	2	11	2	12	12
1	87743284	88323391	1	2	2	2	3	2	4	5	6	7	8	9	2	10	2	11	11
1	88323391	88480684	1	2	2	2	3	2	4	5	6	6	7	8	2	9	2	10	10
1	88480684	88802515	1	2	3	3	4	3	5	6	7	7	8	9	2	10	3	11	11
1	88802515	88835815	1	2	3	3	4	5	6	7	8	8	9	10	2	11	3	12	12
1	88835815	89642029	1	2	3	4	5	6	7	8	9	9	10	11	2	12	4	13	13
1	89642029	89648431	1	2	3	4	5	6	7	8	9	10	11	12	2	13	4	14	14
1	89648431	90867555	1	2	3	4	5	6	7	8	9	10	11	12	2	13	14	15	15
1	90867555	90870599	1	2	3	4	5	6	7	8	9	10	11	12	13	14	15	16	16
1	90870599	91148316	1	2	3	4	5	6	7	8	9	10	11	12	2	13	14	15	15
1	91148316	92220344	1	2	3	4	5	2	6	7	8	9	10	11	2	12	13	14	14
1	92220344	92847774	1	2	3	4	5	2	6	7	8	9	1	10	2	11	12	13	13
1	92847774	93303122	1	2	3	4	5	2	6	7	8	9	1	10	2	11	12	1	12
1	93303122	93308927	1	2	3	4	5	2	6	7	8	9	10	11	2	12	13	1	13
1	93308927	93853070	1	2	3	4	5	6	7	8	9	10	11	12	2	13	14	1	14
1	93853070	93853689	1	2	3	4	5	6	7	8	9	10	11	12	2	13	3	1	13
1	93853689	95218382	1	2	3	4	5	6	7	5	8	9	10	11	2	12	3	1	12
1	95218382	95815661	1	2	3	4	5	6	7	5	8	9	10	11	2	12	3	13	13
1	95815661	96426610	1	2	3	4	5	6	7	5	8	9	10	11	2	12	13	14	14
1	96426610	98342161	1	2	3	4	5	6	7	8	9	10	11	12	2	13	14	15	15
1	98342161	102085614	1	2	3	4	5	6	7	8	3	9	10	11	2	12	13	14	14
1	102085614	102362253	1	2	3	4	5	6	7	8	3	9	10	11	2	12	13	2	13
1	102362253	102363555	1	2	3	4	5	6	7	8	3	9	1	10	2	11	12	2	12
1	102363555	102375299	1	2	3	4	5	6	7	8	9	10	1	11	12	13	14	2	14
1	102375299	104583515	1	2	3	4	5	6	7	8	9	10	1	11	2	12	13	2	13
1	104583515	104587203	1	2	3	4	5	6	7	8	9	10	1	11	12	13	14	12	14
1	104587203	105965998	1	2	3	4	5	6	7	8	3	9	1	10	2	11	12	2	12
1	105965998	106266147	1	2	3	1	4	5	6	7	3	8	1	9	2	10	11	2	11
1	106266147	106309039	1	2	3	4	5	6	7	8	3	9	4	10	2	11	12	2	12
1	106309039	108289244	1	2	3	1	4	5	6	7	3	8	1	9	2	10	11	2	11
1	108289244	109338158	1	2	3	1	4	5	6	7	3	8	1	9	2	10	11	12	12
1	109338158	109416369	1	2	3	1	4	5	6	7	8	9	1	10	2	11	12	13	13
1	109416369	109739501	1	2	3	1	4	5	6	7	8	9	1	10	11	12	13	14	14
1	109739501	112119663	1	2	3	4	5	6	7	8	9	10	4	11	12	13	14	15	15
1	112119663	112435436	1	2	3	4	5	6	7	8	9	10	11	12	13	14	15	16	16
1	112435436	112916757	1	2	3	4	5	6	7	8	9	10	4	11	12	13	14	15	15
1	112916757	119717114	1	2	3	4	5	6	7	8	3	9	4	10	11	12	13	14	14
1	119717114	119768665	1	2	3	4	5	6	7	8	3	9	10	11	12	13	14	15	15
1	119768665	146628638	1	2	3	4	5	6	7	8	9	10	11	12	13	14	15	16	16
1	146628638	149555790	1	2	3	4	5	6	7	8	9	10	11	12	13	14	15	5	15
1	149555790	150777052	1	2	3	4	5	6	7	8	3	9	10	11	12	13	14	5	14
1	150777052	154306819	1	2	3	4	5	6	7	8	3	9	10	11	1	12	13	5	13
1	154306819	154307206	1	2	3	4	5	6	7	8	9	10	11	12	1	13	14	5	14
1	154307206	154404394	1	2	3	4	5	6	7	8	3	9	10	11	1	12	13	5	13
1	154404394	154405445	1	2	3	4	5	6	7	8	3	9	10	11	12	13	14	15	15
1	154405445	158593664	1	2	3	4	5	6	7	8	3	9	10	11	12	13	14	5	14
1	158593664	158697264	1	2	3	4	5	6	7	8	9	10	11	12	13	14	15	5	15
1	158697264	159129940	1	2	3	4	5	6	7	8	3	9	10	11	12	13	14	5	14
1	159129940	161554737	1	2	3	4	5	6	7	8	3	9	1	10	11	12	13	5	13
1	161554737	166437420	1	2	3	4	5	6	7	8	3	9	10	11	12	13	14	5	14
1	166437420	166748305	1	2	3	4	5	6	7	8	3	9	10	11	12	13	14	15	15
1	166748305	166756822	1	2	3	4	5	6	7	8	9	10	11	12	13	14	15	16	16
1	166756822	167689211	1	2	3	4	5	6	7	8	3	9	10	11	12	13	14	15	15
1	167689211	168459753	1	2	3	4	5	6	7	8	3	9	10	11	12	13	14	5	14
1	168459753	168632277	1	2	3	4	5	6	7	8	3	9	10	11	6	12	13	5	13
1	168632277	168635655	1	2	3	4	5	6	7	8	3	9	10	11	6	12	6	5	12
1	168635655	171010810	1	2	3	4	5	6	7	8	3	9	10	11	6	11	6	5	11
1	171010810	171390168	1	2	3	4	5	6	7	8	9	10	11	12	6	12	6	5	12
1	171390168	171885119	1	1	2	3	4	5	6	7	8	9	10	11	5	11	5	4	11
1	171885119	171927165	1	1	2	3	4	5	6	7	8	9	10	11	5	11	5	12	12
1	171927165	172181778	1	1	2	3	4	5	6	7	2	8	9	10	5	10	5	4	10
1	172181778	172182019	1	1	2	3	4	5	6	7	2	8	9	10	5	11	5	4	11
1	172182019	172357412	1	1	2	3	4	5	6	7	2	8	9	10	5	11	12	4	12
1	172357412	172425769	1	1	2	3	4	5	6	7	2	8	9	10	11	12	13	4	13
1	172425769	172727547	1	1	2	3	1	4	5	6	2	7	8	9	10	11	12	1	12
1	172727547	172971637	1	2	3	4	1	5	6	7	3	8	9	10	11	12	13	1	13
1	172971637	172972094	1	2	3	4	1	5	6	7	8	9	10	11	12	13	14	1	14
1	172972094	172974685	1	2	3	4	1	5	6	7	3	8	9	10	11	12	13	1	13
1	172974685	174811430	1	1	2	3	1	4	5	6	2	7	8	9	10	11	12	1	12
1	174811430	174876735	1	1	2	3	4	5	6	7	2	8	9	10	11	12	13	4	13
1	174876735	177431219	1	1	2	3	4	5	6	7	2	8	9	10	1	11	12	4	12
1	177431219	178795934	1	1	2	3	4	5	6	7	2	8	9	10	1	7	11	4	11
1	178795934	178802598	1	1	2	3	4	5	6	7	2	8	6	9	1	7	10	4	10
1	178802598	179893741	1	1	2	3	4	5	6	7	2	8	6	9	1	10	11	4	11
1	179893741	179893774	1	1	2	3	4	5	6	7	2	8	6	9	1	10	3	4	10
1	179893774	179969739	1	1	2	3	4	5	6	7	8	9	6	10	1	11	3	4	11
1	179969739	180011034	1	1	2	3	4	5	6	7	8	9	10	11	1	12	3	4	12
1	180011034	180396901	1	2	3	4	5	6	7	8	9	10	11	12	2	13	4	5	13
1	180396901	180464252	1	2	3	4	5	6	7	8	9	9	10	11	2	12	4	5	12
1	180464252	180510841	1	2	3	4	5	6	7	8	9	9	10	11	12	13	4	5	13
1	180510841	181340474	1	2	3	4	5	6	7	8	3	3	9	10	2	11	4	5	11
1	181340474	181577682	1	2	3	4	5	6	7	8	3	3	9	10	2	11	12	5	12
1	181577682	182490700	1	2	3	4	5	6	7	8	3	9	10	11	2	12	13	5	13
1	182490700	182578574	1	2	3	4	5	6	7	8	3	9	10	11	2	11	12	5	12
1	182578574	182660950	1	2	3	3	4	5	6	7	3	8	9	10	2	10	11	4	11
1	182660950	182661691	1	2	3	3	4	5	6	3	3	7	8	9	2	9	10	4	10
1	182661691	182808536	1	2	3	3	4	5	6	3	3	3	7	8	2	8	9	4	9
1	182808536	183012578	1	2	3	3	4	5	6	3	3	3	4	7	2	7	8	4	8
1	183012578	183181697	1	2	3	3	4	5	6	3	7	3	4	8	9	8	10	4	10
1	183181697	184106588	1	2	3	3	4	5	6	3	3	3	4	7	2	7	8	4	8
1	184106588	184108987	1	2	3	3	4	5	6	7	3	3	4	8	2	8	9	4	9
1	184108987	184112119	1	2	3	3	4	5	6	7	3	3	8	9	2	9	10	4	10
1	184112119	184210905	1	2	3	4	5	6	7	8	3	3	9	10	2	10	11	5	11
1	184210905	184292880	1	2	3	4	5	6	7	8	3	3	9	10	2	11	12	5	12
1	184292880	184899466	1	2	3	4	5	6	7	8	3	9	10	11	2	12	13	5	13
1	184899466	184900175	1	2	3	4	5	6	7	8	9	10	11	12	2	13	14	15	15
1	184900175	185887090	1	2	3	4	5	6	7	8	3	9	10	11	2	11	12	5	12
1	185887090	185887406	1	2	3	4	5	6	7	8	3	9	10	11	2	11	9	5	11
1	185887406	185911420	1	2	3	4	5	6	7	4	3	8	9	10	2	10	8	5	10
1	185911420	186076619	1	2	1	3	4	5	6	3	1	7	8	9	2	9	7	4	9
1	186076619	186773782	1	2	1	3	4	5	6	3	1	7	8	9	2	10	7	4	10
1	186773782	186787941	1	2	1	3	4	5	6	3	1	7	8	9	2	10	11	4	11
1	186787941	186837949	1	2	3	4	5	6	7	4	3	8	9	10	2	11	12	5	12
1	186837949	187067401	1	2	3	4	5	6	7	8	3	9	10	11	2	12	13	5	13
1	187067401	188816098	1	2	3	4	5	6	7	8	9	10	11	12	2	13	14	5	14
1	188816098	190285379	1	2	3	4	5	6	7	8	3	9	10	11	2	12	13	5	13
1	190285379	190318767	1	2	3	4	5	6	7	8	3	7	9	10	2	11	12	5	12
1	190318767	190421144	1	1	2	3	4	5	6	7	2	6	8	9	1	10	11	4	11
1	190421144	190651632	1	1	2	3	4	5	6	7	2	6	7	8	1	9	10	4	10
1	190651632	191083395	1	1	2	3	4	5	6	7	2	8	7	9	1	10	11	4	11
1	191083395	191124337	1	2	3	4	5	6	7	8	3	9	8	10	2	11	12	5	12
1	191124337	191270381	1	2	3	4	5	6	7	8	3	9	10	11	2	12	13	5	13
1	191270381	191773908	1	2	3	4	5	6	7	8	3	3	9	10	2	11	12	5	12
1	191773908	192568512	1	2	3	4	5	6	7	2	3	3	5	8	2	9	10	5	10
1	192568512	192676245	1	2	3	4	5	6	7	2	8	3	5	9	2	10	11	5	11
1	192676245	192676585	1	2	3	4	5	6	7	8	9	3	5	10	2	11	12	5	12
1	192676585	192677886	1	2	3	4	5	6	7	8	3	3	5	9	2	10	11	5	11
1	192677886	192712723	1	2	3	4	5	6	7	8	3	3	9	10	2	11	12	5	12
1	192712723	192961470	1	2	3	4	5	6	7	8	3	9	10	11	2	12	13	5	13
1	192961470	193693108	1	2	3	4	5	6	7	8	3	9	7	10	2	11	12	5	12
1	193693108	194351112	1	2	3	4	5	6	7	8	3	9	10	11	2	12	13	5	13
1	194351112	194361826	1	2	3	4	5	6	3	7	3	7	8	9	2	10	11	5	11
1	194361826	194362156	1	2	3	4	5	6	3	7	3	7	8	5	2	9	10	5	10
1	194362156	194369034	1	2	3	4	5	6	3	7	3	7	8	5	2	9	10	11	11
1	194369034	195291052	1	2	3	4	5	6	3	7	3	7	6	5	2	8	9	10	10
1	195291052	195293192	1	2	3	4	5	6	3	7	3	7	6	8	2	9	10	11	11
1	195293192	195399008	1	2	3	4	5	2	3	6	3	6	2	7	2	8	9	10	10
1	195399008	195527704	1	2	3	4	5	2	3	6	3	7	2	8	2	9	10	1	10
1	195527704	195950974	1	2	3	4	5	2	3	6	3	7	8	9	2	10	11	1	11
1	195950974	195957737	1	2	3	4	5	2	3	6	3	7	8	9	2	10	11	12	12
1	195957737	196228927	1	2	3	4	5	2	3	6	3	7	8	9	2	4	10	11	11
1	196228927	196231239	1	2	3	4	5	6	3	7	3	8	9	10	2	4	11	12	12
1	196231239	196289631	1	2	3	4	5	6	3	7	3	5	8	9	2	4	10	11	11
1	196289631	196948947	1	2	3	4	5	6	7	8	3	5	9	10	2	4	11	12	12
1	196948947	197047448	1	2	3	4	5	6	7	8	3	5	9	10	2	11	12	13	13
1	197047448	197066792	1	2	3	4	5	6	7	8	3	9	10	11	2	12	13	14	14
1	197066792	197113581	1	2	3	4	5	6	7	8	3	9	10	11	2	12	13	5	13
1	197113581	197314128	1	2	3	1	4	5	6	7	3	8	9	10	2	11	12	4	12
1	197314128	197499396	1	2	3	1	4	5	6	7	8	9	10	11	2	12	13	4	13
1	197499396	197640633	1	2	3	4	5	6	7	8	9	10	11	12	2	13	14	5	14
1	197640633	198133461	1	2	3	4	5	6	7	8	9	10	11	12	2	13	14	8	14
1	198133461	198304659	1	2	3	4	5	6	7	8	9	10	11	12	2	13	11	8	13
1	198304659	198957535	1	2	3	4	5	6	7	8	9	6	10	11	2	12	10	8	12
1	198957535	199019523	1	2	3	4	5	6	7	8	9	10	11	12	2	13	11	8	13
1	199019523	199129204	1	2	3	4	5	6	7	8	9	10	11	12	2	13	14	8	14
1	199129204	199130284	1	2	3	4	5	6	7	8	9	10	11	12	2	13	6	8	13
1	199130284	199712945	1	2	3	4	3	5	6	7	8	9	10	11	2	12	5	7	12
1	199712945	199720627	1	2	3	4	5	6	7	8	9	10	11	12	2	13	6	8	13
1	199720627	199932765	1	2	3	4	5	6	7	8	9	10	11	12	2	13	6	14	14
1	199932765	199989748	1	2	3	4	5	6	7	5	8	9	10	11	2	12	6	13	13
1	199989748	199994333	1	2	3	4	5	6	7	5	8	9	10	11	2	12	13	14	14
1	199994333	200030201	1	2	3	4	5	6	7	5	8	9	10	11	12	13	14	15	15
1	200030201	200052204	1	2	3	4	5	6	7	5	8	9	10	11	2	12	13	14	14
1	200052204	200445607	1	2	3	4	5	4	6	5	7	8	9	10	2	11	12	13	13
1	200445607	200866625	1	2	3	4	5	6	7	5	8	9	10	11	2	12	13	14	14
1	200866625	201517570	1	2	3	4	5	6	7	5	8	9	10	11	2	12	10	13	13
1	201517570	201523179	1	2	3	4	5	6	7	5	8	9	10	11	2	12	13	14	14
1	201523179	201774606	1	2	3	4	5	6	7	8	9	10	11	12	2	13	14	15	15
1	201774606	201797277	1	2	3	4	5	6	7	8	9	10	11	12	13	14	15	16	16
1	201797277	202361904	1	2	3	4	5	6	7	8	9	10	11	12	2	13	14	15	15
1	202361904	202454521	1	2	3	4	5	6	7	8	3	9	10	11	2	12	13	14	14
1	202454521	202552975	1	2	3	4	5	6	7	8	3	9	10	11	2	12	13	8	13
1	202552975	203138176	1	2	3	4	5	6	3	7	3	8	9	10	2	11	12	7	12
1	203138176	203219564	1	2	3	4	5	6	3	7	8	9	10	11	2	12	13	7	13
1	203219564	203222758	1	2	3	4	5	6	3	7	3	8	9	10	2	11	12	7	12
1	203222758	203223210	1	2	3	4	5	6	3	7	3	8	9	10	2	11	1	7	11
1	203223210	203356450	1	2	3	4	5	6	7	8	3	9	10	11	2	12	1	8	12
1	203356450	203402097	1	2	3	4	5	4	6	7	3	8	9	10	2	11	1	7	11
1	203402097	203437842	1	2	3	4	5	4	6	7	3	5	8	4	2	9	1	7	9
1	203437842	203863921	1	2	3	4	5	4	6	7	3	5	8	4	2	2	1	7	8
1	203863921	203991520	1	2	3	4	5	4	6	7	3	5	8	4	2	9	1	7	9
1	203991520	204022662	1	2	3	4	5	4	6	7	3	5	8	9	2	10	1	7	10
1	204022662	204028175	1	2	3	4	5	4	6	7	3	5	8	9	2	10	1	11	11
1	204028175	204144678	1	2	3	4	5	4	6	7	3	5	8	9	2	10	1	7	10
1	204144678	204149785	1	2	3	4	5	4	6	7	3	5	8	9	2	10	11	7	11
1	204149785	204438321	1	2	3	4	5	6	7	8	3	5	9	10	2	11	12	8	12
1	204438321	205122798	1	2	3	4	5	6	7	8	3	9	10	11	2	12	13	8	13
1	205122798	205166751	1	2	3	4	5	6	7	8	9	10	11	12	2	13	14	8	14
1	205166751	205900988	1	2	3	4	5	6	7	8	3	9	10	11	2	12	13	8	13
1	205900988	205901259	1	2	3	4	5	6	7	8	3	9	10	11	12	13	14	15	15
1	205901259	206982971	1	2	3	4	5	6	7	8	3	9	10	11	2	12	13	8	13
1	206982971	207516793	1	2	3	4	5	6	3	7	3	8	9	10	2	11	12	7	12
1	207516793	207516943	1	2	3	4	5	6	3	7	3	8	9	10	2	11	12	13	13
1	207516943	207691974	1	2	3	4	5	6	3	7	3	8	9	10	2	11	12	7	12
1	207691974	208050077	1	2	3	4	5	6	3	7	3	3	8	9	2	10	11	7	11
1	208050077	208357564	1	2	3	4	5	6	7	8	3	3	9	10	2	11	12	8	12
1	208357564	208358373	1	2	3	4	5	6	7	5	3	3	8	9	2	10	11	5	11
1	208358373	208360266	1	2	3	4	5	6	7	5	3	8	9	10	2	11	12	5	12
1	208360266	208898127	1	1	2	3	4	5	6	4	2	7	8	9	1	10	11	4	11
1	208898127	208910849	1	1	2	3	4	5	6	4	7	8	9	10	1	11	12	13	13
1	208910849	208941384	1	1	2	3	4	5	6	4	2	7	8	9	1	10	11	4	11
1	208941384	208947994	1	1	2	3	4	5	6	7	2	8	9	10	1	11	12	7	12
1	208947994	208983508	1	2	3	4	5	6	7	8	3	9	10	11	2	12	13	8	13
1	208983508	209386269	1	2	3	4	2	5	6	7	3	8	9	10	2	11	12	7	12
1	209386269	209625687	1	2	3	4	2	5	6	7	3	8	1	9	2	10	11	7	11
1	209625687	209722588	1	2	3	4	5	6	7	8	3	9	1	10	2	11	12	8	12
1	209722588	209785908	1	2	3	4	5	6	7	8	3	9	10	11	2	12	13	8	13
1	209785908	209837298	1	2	3	4	5	6	7	8	3	9	10	11	2	12	13	14	14
1	209837298	211230826	1	2	3	4	5	6	7	8	3	9	10	11	2	12	13	8	13
1	211230826	212104193	1	2	3	4	5	6	3	7	3	8	9	10	2	11	12	7	12
1	212104193	212117529	1	2	3	4	5	6	7	8	3	9	10	11	2	12	13	8	13
1	212117529	212124912	1	2	3	4	5	6	7	8	9	10	11	12	13	14	15	8	15
1	212124912	212314688	1	2	3	4	5	6	7	8	3	9	10	11	2	12	13	8	13
1	212314688	212442982	1	2	3	4	5	6	7	5	3	8	9	10	2	11	12	5	12
1	212442982	212718718	1	2	3	4	5	6	7	5	3	8	8	9	2	10	11	5	11
1	212718718	213132284	1	2	3	4	5	6	7	5	3	4	4	8	2	9	10	5	10
1	213132284	213161243	1	2	3	4	5	6	7	8	3	9	4	10	2	11	12	5	12
1	213161243	213511580	1	2	3	4	5	6	7	5	3	8	4	9	2	10	11	5	11
1	213511580	213777233	1	2	3	4	5	6	7	5	3	8	9	10	2	11	12	5	12
1	213777233	214590234	1	2	3	4	5	6	7	8	3	9	10	11	2	12	13	8	13
1	214590234	214784690	1	2	3	4	5	6	3	7	3	8	9	10	2	11	12	7	12
1	214784690	215115903	1	2	3	4	5	6	3	7	3	6	8	9	2	10	11	7	11
1	215115903	215149258	1	2	3	4	5	5	3	6	3	5	7	8	2	9	10	6	10
1	215149258	215219561	1	2	3	4	5	5	6	7	6	5	8	9	10	11	12	7	12
1	215219561	215461235	1	2	3	4	5	5	3	6	3	5	7	8	9	10	11	6	11
1	215461235	215648501	1	2	3	4	5	5	3	6	3	7	8	9	10	11	12	6	12
1	215648501	216166821	1	2	3	4	5	6	3	7	3	8	9	10	11	12	13	7	13
1	216166821	216314733	1	2	3	4	5	6	7	8	3	9	10	11	12	13	14	8	14
1	216314733	216341826	1	2	3	4	5	6	7	5	3	8	9	10	11	12	13	5	13
1	216341826	216493316	1	2	3	4	5	6	7	8	3	9	10	11	12	13	14	5	14
1	216493316	216512186	1	2	3	4	5	6	7	8	9	10	11	12	6	13	14	5	14
1	216512186	216514515	1	2	3	4	5	6	7	8	3	9	10	11	6	12	13	5	13
1	216514515	216560657	1	2	3	4	5	5	6	7	3	8	9	10	5	11	12	5	12
1	216560657	216561529	1	2	3	4	5	5	5	6	3	7	8	9	5	10	11	5	11
1	216561529	216701244	1	2	3	4	5	5	5	6	3	7	8	9	5	2	10	5	10
1	216701244	217157701	1	2	3	4	5	5	5	6	3	7	1	8	5	2	9	5	9
1	217157701	217239314	1	2	3	4	5	6	6	7	3	8	1	9	6	2	10	5	10
1	217239314	217299823	1	2	3	4	5	6	7	8	3	9	1	10	6	2	11	5	11
1	217299823	217448138	1	2	3	4	5	6	7	8	3	9	1	10	6	11	12	5	12
1	217448138	217828178	1	2	3	4	5	6	7	8	3	9	1	10	11	12	13	5	13
1	217828178	217836159	1	2	3	4	5	6	7	8	3	9	1	10	4	11	12	5	12
1	217836159	218110167	1	2	3	4	5	6	7	8	3	9	10	11	4	12	13	5	13
1	218110167	218146339	1	2	3	4	5	6	7	8	3	9	10	11	4	4	12	5	12
1	218146339	218365882	1	1	2	3	4	5	6	7	2	8	9	10	3	3	11	4	11
1	218365882	218855172	1	1	2	3	4	5	6	7	2	8	9	10	11	11	12	4	12
1	218855172	219052154	1	2	3	4	5	6	7	8	3	9	10	11	12	12	13	5	13
1	219052154	219343154	1	2	3	4	5	6	7	8	3	9	10	11	12	13	14	5	14
1	219343154	220407476	1	2	3	4	5	6	7	8	3	9	10	11	12	13	14	15	15
1	220407476	221064097	1	2	3	4	5	6	7	8	3	9	10	11	2	12	13	14	14
1	221064097	221070377	1	2	3	4	5	6	5	7	3	8	9	10	2	11	12	13	13
1	221070377	221454079	1	2	3	4	5	6	5	7	3	8	9	10	2	11	12	6	12
1	221454079	222001106	1	2	3	4	5	6	5	4	3	7	8	9	2	10	11	6	11
1	222001106	222207554	1	2	3	4	5	6	5	4	3	7	8	9	10	11	12	6	12
1	222207554	222264537	1	2	3	4	5	6	5	4	3	7	8	9	10	11	4	6	11
1	222264537	222333507	1	1	2	3	4	5	4	3	2	6	7	8	9	10	3	5	10
1	222333507	222335646	1	1	2	3	4	5	4	6	2	7	8	9	10	11	6	5	11
1	222335646	222416262	1	1	2	3	4	5	4	3	2	6	7	8	9	10	3	5	10
1	222416262	222796761	1	1	2	3	4	5	6	3	2	7	8	9	10	11	3	5	11
1	222796761	223322314	1	1	2	3	4	5	6	3	2	7	8	9	10	11	3	12	12
1	223322314	223457433	1	1	2	3	4	5	6	3	2	7	8	9	10	11	12	13	13
1	223457433	224035118	1	1	2	3	4	5	6	7	2	8	9	10	11	12	13	14	14
1	224035118	224137171	1	1	2	3	4	5	6	7	2	6	8	9	10	11	12	13	13
1	224137171	225193222	1	1	2	3	4	4	5	6	2	5	7	8	9	10	11	12	12
1	225193222	225295531	1	1	2	3	4	5	6	7	2	6	8	9	10	11	12	13	13
1	225295531	225600135	1	1	2	3	4	5	6	7	2	6	8	9	10	11	12	8	12
1	225600135	225603429	1	1	2	3	4	5	6	7	2	8	9	10	11	12	13	9	13
1	225603429	226423215	1	2	3	4	5	6	7	8	3	9	10	11	12	13	14	10	14
1	226423215	226506927	1	2	3	4	5	6	7	8	3	9	10	11	2	12	13	10	13
1	226506927	226860677	1	2	3	4	5	6	7	8	3	9	10	11	2	12	9	10	12
1	226860677	226937327	1	2	3	4	5	6	7	8	3	9	10	11	2	12	9	13	13
1	226937327	226952822	1	2	3	4	5	6	7	8	3	9	10	11	2	12	13	14	14
1	226952822	227362296	1	2	3	4	5	6	7	8	3	9	10	11	2	2	12	13	13
1	227362296	227540710	1	2	3	4	5	6	7	8	3	9	10	11	2	12	13	14	14
1	227540710	227864883	1	2	3	4	5	6	7	8	3	9	10	11	2	12	13	8	13
1	227864883	227868981	1	2	3	4	5	6	7	8	3	9	10	11	12	13	14	8	14
1	227868981	227987181	1	2	3	4	5	6	7	8	3	9	10	11	12	13	14	15	15
1	227987181	228404739	1	2	3	4	5	6	7	8	3	9	6	10	11	12	13	14	14
1	228404739	228405991	1	2	3	4	5	6	7	8	3	9	10	11	12	13	14	15	15
1	228405991	228416278	1	2	3	4	5	6	7	8	9	10	11	12	13	14	15	16	16
1	228416278	229864325	1	2	3	4	5	6	7	8	3	9	10	11	12	13	14	15	15
1	229864325	229906282	1	2	3	4	5	6	7	5	3	8	9	10	11	12	13	14	14
1	229906282	230234464	1	2	3	4	4	5	6	4	3	7	8	9	10	11	12	13	13
1	230234464	230541033	1	1	2	3	3	4	5	3	2	6	7	8	9	10	11	12	12
1	230541033	230869385	1	1	2	3	3	4	5	3	2	6	7	8	9	10	11	4	11
1	230869385	230960771	1	1	2	3	4	5	6	3	7	8	9	10	11	12	13	5	13
1	230960771	231120027	1	1	2	3	4	5	6	7	8	9	10	11	12	13	14	5	14
1	231120027	231206501	1	1	2	3	4	5	6	7	8	9	6	10	11	12	13	5	13
1	231206501	231646276	1	1	2	3	4	5	6	7	2	8	6	9	10	11	12	5	12
1	231646276	231675795	1	1	2	3	4	5	6	7	2	8	9	10	11	12	13	5	13
1	231675795	231864030	1	1	2	3	4	5	6	7	2	8	9	10	11	12	13	14	14
1	231864030	232105610	1	1	2	3	4	5	6	7	2	8	9	10	11	12	13	4	13
1	232105610	232721481	1	1	2	3	4	5	6	7	2	8	9	10	11	12	11	4	12
1	232721481	233228683	1	1	2	3	4	5	6	7	2	8	9	10	11	12	13	4	13
1	233228683	233282956	1	1	2	3	4	5	6	7	2	2	8	9	10	11	12	4	12
1	233282956	233334813	1	1	2	3	4	5	6	7	8	8	9	10	11	12	13	14	14
1	233334813	233656397	1	1	2	3	4	5	6	7	8	8	9	10	11	12	13	4	13
1	233656397	233719418	1	2	3	4	5	6	7	8	9	9	10	11	12	13	14	5	14
1	233719418	234005194	1	2	3	4	5	6	7	1	8	8	9	10	11	12	13	5	13
1	234005194	234152970	1	2	3	4	5	6	7	1	8	8	9	10	11	12	13	14	14
1	234152970	234382978	1	2	3	4	5	6	7	1	8	9	10	11	12	13	14	15	15
1	234382978	234435564	1	2	3	4	5	6	7	8	9	10	11	12	13	14	15	16	16
1	234435564	234837584	1	2	3	4	5	6	7	8	9	10	11	12	1	13	14	15	15
1	234837584	234839636	1	2	3	4	2	5	6	7	8	9	10	11	1	12	13	14	14
1	234839636	234843784	1	2	3	4	2	5	6	7	8	9	10	11	1	12	5	13	13
1	234843784	235903955	1	2	3	4	2	5	6	7	8	9	10	11	12	13	5	14	14
1	235903955	236336117	1	2	3	4	2	5	6	5	7	8	9	10	11	12	5	13	13
1	236336117	236403066	1	2	3	4	2	5	6	5	7	8	9	10	11	6	5	12	12
1	236403066	236542117	1	2	3	4	5	6	7	6	8	9	10	11	12	7	6	13	13
1	236542117	236930913	1	2	3	4	5	6	7	6	8	9	10	11	12	7	13	14	14
1	236930913	237665853	1	2	3	4	5	6	7	8	9	10	11	12	13	7	14	15	15
1	237665853	237683438	1	2	3	4	5	6	7	8	9	10	11	12	13	7	5	14	14
1	237683438	237880971	1	2	3	4	5	6	7	8	9	10	11	12	13	14	5	15	15
1	237880971	239316846	1	2	3	4	4	5	6	7	8	9	10	11	12	13	4	14	14
1	239316846	239354906	1	2	3	4	4	5	6	7	8	9	10	11	4	12	4	13	13
1	239354906	239461615	1	2	3	4	4	5	6	7	8	9	4	10	4	11	4	12	12
1	239461615	240361081	1	2	3	4	4	5	6	7	8	9	4	10	4	11	12	13	13
1	240361081	240403830	1	2	3	4	4	5	6	7	8	9	4	10	4	11	12	4	12
1	240403830	241029643	1	2	3	4	5	6	7	8	9	10	4	11	4	12	13	4	13
1	241029643	241077180	1	2	3	4	5	6	7	8	9	10	11	12	11	13	14	11	14
1	241077180	241961558	1	2	3	4	5	6	7	8	9	10	11	12	13	14	15	11	15
1	241961558	242400046	1	2	3	4	5	6	7	8	9	10	11	12	13	14	15	16	16
1	242400046	242414890	1	2	3	4	5	6	7	8	9	10	11	12	13	14	15	5	15
1	242414890	243082400	1	2	3	4	5	6	7	8	9	10	11	2	12	13	14	5	14
1	243082400	243207936	1	2	3	4	5	6	7	8	9	10	4	2	11	12	13	5	13
1	243207936	243259137	1	2	3	4	5	6	7	4	8	9	4	2	10	11	12	5	12
1	243259137	243293403	1	2	3	4	5	6	7	4	8	9	4	10	11	12	13	5	13
1	243293403	243299079	1	2	3	4	5	6	7	4	8	9	4	10	11	12	13	14	14
1	243299079	243951866	1	2	3	4	5	6	7	4	8	9	4	10	11	12	13	5	13
1	243951866	243981056	1	2	3	2	4	5	6	2	3	7	2	8	9	10	11	4	11
1	243981056	244262245	1	2	3	2	4	5	6	7	3	8	7	9	10	11	12	4	12
1	244262245	244574866	1	2	3	2	4	5	6	7	3	8	9	10	11	12	13	4	13
1	244574866	244857001	1	2	3	2	4	5	6	7	3	8	9	2	10	11	12	4	12
1	244857001	245057363	1	2	3	4	5	6	7	8	3	9	10	4	11	12	13	5	13
1	245057363	245114702	1	2	3	4	5	6	7	8	3	9	1	4	10	11	12	5	12
1	245114702	245196210	1	2	3	4	5	6	7	8	3	9	1	4	10	3	11	5	11
1	245196210	246052613	1	2	3	4	5	6	7	2	3	8	1	4	9	3	10	5	10
1	246052613	246072616	1	2	3	4	5	6	7	8	3	9	1	4	10	3	11	5	11
1	246072616	246193487	1	2	3	4	5	6	7	5	3	8	1	4	9	3	10	5	10
1	246193487	246561066	1	2	3	4	5	6	7	5	3	8	1	9	10	3	11	5	11
1	246561066	246784949	1	2	3	4	5	6	7	5	3	8	9	10	11	3	12	5	12
1	246784949	247336519	1	2	3	4	5	6	7	5	3	8	9	10	11	12	13	5	13
1	247336519	247361158	1	2	3	4	5	6	7	5	3	8	9	10	11	12	4	5	12
1	247361158	248106221	1	2	3	4	5	6	7	5	3	4	8	9	10	11	4	5	11
1	248106221	248272426	1	2	3	4	5	6	7	5	3	8	9	10	11	12	4	5	12
1	248272426	252096328	1	2	3	4	5	6	7	5	3	8	9	10	11	12	13	5	13
1	252096328	252248194	1	2	3	4	5	6	7	8	3	9	10	11	12	13	14	8	14
1	252248194	252249604	1	2	3	4	5	6	7	8	3	9	10	11	12	13	14	15	15
1	252249604	253026144	1	2	3	4	5	6	7	5	3	8	9	10	11	12	13	14	14
1	253026144	253043472	1	2	3	4	5	6	7	8	3	9	10	11	12	13	14	15	15
1	253043472	253273151	1	2	3	4	5	6	7	8	3	9	10	11	12	13	14	8	14
1	253273151	253399999	1	2	3	4	5	2	6	7	3	8	9	10	11	12	13	7	13
1	253399999	253558231	1	2	3	4	5	2	6	7	3	8	9	10	11	12	6	7	12
1	253558231	255038322	1	2	3	4	5	2	6	7	3	6	8	9	10	11	6	7	11
1	255038322	255268550	1	2	3	4	5	2	6	7	3	6	8	9	10	11	12	7	12
1	255268550	255286816	1	2	3	4	5	2	6	7	3	8	9	10	11	12	13	7	13
1	255286816	255289478	1	2	3	4	5	6	7	8	3	9	10	11	12	13	14	8	14
1	255289478	255506378	1	2	3	4	5	6	7	8	3	9	6	10	11	12	13	8	13
1	255506378	255508190	1	2	3	4	5	6	7	8	9	10	6	11	12	13	14	15	15
1	255508190	255830862	1	2	3	4	5	6	7	8	3	9	6	10	11	12	13	8	13
1	255830862	255863791	1	2	3	4	5	6	7	8	3	9	6	10	6	11	12	8	12
1	255863791	255865232	1	2	3	4	5	6	7	8	3	9	10	11	10	12	13	8	13
1	255865232	255870849	1	2	3	4	5	6	7	8	3	9	10	2	10	11	12	8	12
1	255870849	256575623	1	2	3	4	5	5	6	7	3	8	9	2	9	10	11	7	11
1	256575623	256578911	1	2	3	4	5	5	6	7	3	8	9	2	10	11	12	7	12
1	256578911	256838725	1	2	3	4	5	6	7	8	3	9	10	2	11	12	13	8	13
1	256838725	257313579	1	2	3	4	5	6	7	8	3	9	10	2	11	7	12	8	12
1	257313579	257335516	1	2	3	4	5	6	7	8	3	9	10	2	11	12	13	8	13
1	257335516	257650554	1	2	3	4	5	6	7	8	3	9	10	11	12	13	14	8	14
1	257650554	257778238	1	2	3	4	5	6	7	8	3	9	9	10	11	12	13	8	13
1	257778238	257779931	1	2	3	4	5	6	7	8	3	9	9	10	11	12	13	14	14
1	257779931	257868178	1	2	3	4	5	6	7	8	3	9	9	10	11	12	13	8	13
1	257868178	258960578	1	2	3	4	5	6	7	8	3	9	10	11	12	13	14	8	14
1	258960578	259280835	1	2	3	4	5	6	7	8	3	9	6	10	11	12	13	8	13
1	259280835	259502425	1	2	3	4	5	6	7	8	3	1	6	9	10	11	12	8	12
1	259502425	259829834	1	2	3	4	5	6	7	8	3	1	6	9	10	11	12	13	13
1	259829834	259830937	1	2	3	4	5	6	7	8	3	1	9	10	11	12	13	14	14
1	259830937	260860124	1	2	3	4	5	6	7	8	3	1	9	10	10	11	12	13	13
1	260860124	261033705	1	2	3	4	5	6	7	8	3	1	9	10	11	12	13	14	14
1	261033705	261047623	1	2	3	4	5	6	7	8	3	9	10	11	12	13	14	15	15
1	261047623	261053381	1	2	3	4	5	6	7	8	3	9	10	11	12	13	1	14	14
1	261053381	261405749	1	2	3	2	4	5	6	7	3	8	9	10	11	12	1	13	13
1	261405749	261584165	1	2	3	2	4	5	6	7	3	8	9	10	11	12	13	14	14
1	261584165	262091927	1	2	3	4	5	6	7	8	3	9	10	11	12	13	14	15	15
1	262091927	262557906	1	2	3	1	4	5	6	7	3	8	9	10	11	12	13	14	14
1	262557906	262589188	1	2	3	4	5	6	7	8	3	9	10	11	12	13	14	15	15
1	262589188	263012273	1	2	3	4	4	5	6	7	3	8	9	10	11	12	13	14	14
1	263012273	263012462	1	2	3	1	1	4	5	6	3	7	8	9	10	11	12	13	13
1	263012462	263056064	1	2	3	1	1	4	5	2	3	6	7	8	9	10	11	12	12
1	263056064	263077063	1	2	3	1	1	4	5	2	3	6	7	8	9	10	11	9	11
1	263077063	263078533	1	2	3	4	1	5	6	2	3	7	8	9	10	11	12	10	12
1	263078533	263294524	1	2	3	4	1	5	6	2	3	7	8	9	1	10	11	1	11
1	263294524	263446945	1	2	3	4	1	5	6	7	3	8	9	10	1	11	12	1	12
1	263446945	263516632	1	2	3	4	5	6	7	8	3	9	10	11	5	12	13	5	13
1	263516632	263524458	1	2	3	4	5	6	7	8	3	9	10	11	12	13	14	5	14
1	263524458	263573163	1	2	3	4	5	6	7	8	3	9	5	10	11	12	13	5	13
1	263573163	263681820	1	2	3	4	5	6	7	8	3	9	5	10	11	12	13	14	14
1	263681820	263851777	1	2	3	4	5	6	7	8	3	9	5	10	11	12	13	8	13
1	263851777	263853291	1	2	3	4	5	6	7	8	3	9	5	10	11	12	7	8	12
1	263853291	263883215	1	2	3	4	5	1	6	7	3	8	5	9	10	11	6	7	11
1	263883215	263946550	1	2	3	4	5	1	3	6	3	7	5	8	9	10	3	6	10
1	263946550	263981494	1	2	3	4	5	1	3	6	3	7	5	8	9	10	3	11	11
1	263981494	263982612	1	2	3	4	5	1	3	6	3	7	8	9	10	11	3	12	12
1	263982612	264501864	1	2	3	4	2	1	3	5	3	6	7	8	9	10	3	11	11
1	264501864	264698110	1	2	3	4	2	1	3	5	3	6	7	8	9	10	11	12	12
1	264698110	264698211	1	2	3	4	2	1	3	5	3	6	7	5	8	9	10	11	11
1	264698211	265249258	1	2	3	4	2	1	5	6	3	7	8	6	9	10	11	12	12
1	265249258	265740350	1	2	3	4	2	1	5	6	3	7	8	6	9	10	7	11	11
1	265740350	265773347	1	2	3	4	2	1	5	6	3	7	8	6	9	10	7	2	10
1	265773347	265790458	1	2	3	4	2	1	5	6	3	6	7	6	8	9	6	2	9
1	265790458	265792229	1	2	3	4	5	1	6	7	3	7	8	7	9	10	7	2	10
1	265792229	266749784	1	2	3	4	2	1	5	6	3	6	7	6	8	9	6	2	9
1	266749784	266793908	1	2	3	4	2	1	5	6	3	7	8	7	9	10	7	2	10
1	266793908	266797018	1	2	3	4	2	5	6	7	3	8	9	8	10	11	8	2	11
1	266797018	266974547	1	2	3	4	2	1	5	6	3	7	8	7	9	10	7	2	10
1	266974547	267320896	1	2	3	4	2	1	5	6	3	3	7	3	8	9	3	2	9
1	267320896	267325358	1	2	3	4	2	1	5	6	3	7	8	3	9	10	3	2	10
1	267325358	267360004	1	2	3	4	2	5	6	7	3	8	9	3	10	11	3	2	11
1	267360004	267362068	1	2	3	4	2	5	6	7	3	8	9	3	10	11	12	2	12
1	267362068	267367548	1	2	3	4	2	1	5	6	3	7	5	3	8	9	10	2	10
1	267367548	267374383	1	2	3	4	2	1	5	6	3	7	5	3	8	9	1	2	9
1	267374383	267431241	1	2	3	4	2	1	5	6	3	7	5	3	8	9	1	10	10
1	267431241	267433330	1	2	3	4	5	1	6	7	3	8	6	3	9	10	1	11	11
1	267433330	267783070	1	2	3	4	2	1	5	6	3	7	5	3	8	9	1	10	10
1	267783070	267807593	1	2	3	4	2	1	5	6	3	7	5	8	9	10	1	11	11
1	267807593	267811614	1	2	3	4	2	1	4	5	3	6	4	7	8	9	1	10	10
1	267811614	267866604	1	2	3	4	2	1	5	6	3	7	4	8	9	10	1	11	11
1	267866604	268261381	1	1	2	3	1	4	5	6	2	7	3	8	9	10	4	11	11
1	268261381	268309017	1	1	2	3	4	5	6	7	2	8	3	9	10	11	5	12	12
1	268309017	268391794	1	1	2	3	4	5	6	7	2	8	3	9	10	11	5	5	11
1	268391794	268450615	1	1	2	3	4	5	6	7	2	8	3	9	10	11	12	12	12
1	268450615	269015504	1	1	2	3	4	5	6	7	2	8	3	9	3	10	11	11	11
1	269015504	269052686	1	1	2	3	4	5	6	7	2	8	9	10	9	11	12	12	12
1	269052686	269327935	1	1	2	3	4	5	6	7	2	8	9	10	9	11	12	13	13
1	269327935	269739613	1	1	2	3	4	5	6	7	2	8	9	10	11	12	13	14	14
1	269739613	269766868	1	2	3	4	5	6	7	8	3	9	10	11	12	13	14	15	15
1	269766868	269823631	1	1	2	3	4	5	6	7	2	8	9	10	11	12	13	14	14
1	269823631	269841818	1	1	2	3	4	5	6	7	8	9	10	11	12	13	14	15	15
1	269841818	270983177	1	1	2	3	4	5	6	7	2	8	9	10	11	12	13	14	14
1	270983177	271565271	1	1	2	3	4	3	5	6	2	7	8	9	10	11	12	13	13
1	271565271	271947996	1	1	2	3	4	3	5	6	2	4	7	8	9	10	11	12	12
1	271947996	271957876	1	1	2	3	4	3	5	6	2	4	3	7	8	9	10	11	11
1	271957876	271995841	1	1	2	3	4	3	5	6	2	4	3	7	3	8	9	10	10
1	271995841	272162844	1	1	2	3	4	5	6	7	2	4	5	8	3	9	10	11	11
1	272162844	272534182	1	1	2	3	4	5	6	7	2	8	5	9	3	10	11	12	12
1	272534182	272584154	1	2	3	4	5	6	7	8	3	9	6	10	4	11	12	13	13
1	272584154	272592650	1	2	3	4	5	6	7	8	3	9	6	10	11	12	13	14	14
1	272592650	272695987	1	1	2	3	4	5	6	7	2	8	5	9	10	11	12	13	13
1	272695987	272698584	1	1	2	3	4	5	6	7	2	8	9	10	11	12	13	14	14
1	272698584	272717845	1	1	2	3	4	5	6	7	2	8	5	9	10	11	12	13	13
1	272717845	272914888	1	1	2	3	4	4	2	5	2	6	4	7	8	9	10	11	11
1	272914888	273461926	1	1	2	3	4	4	2	5	2	6	4	7	8	9	10	1	10
1	273461926	273462629	1	1	2	3	4	4	2	5	2	6	4	7	8	9	10	11	11
1	273462629	273464063	1	1	2	3	4	4	5	6	2	7	4	8	9	10	11	12	12
1	273464063	273464773	1	1	2	3	4	4	5	6	7	8	9	10	11	12	13	14	14
1	273464773	273543116	1	1	2	3	4	4	5	6	2	7	8	9	10	11	12	13	13
1	273543116	273600483	1	1	2	3	4	5	6	7	2	8	9	10	11	12	13	14	14
1	273600483	273607717	1	2	3	4	5	6	7	8	3	9	10	11	12	13	14	15	15
1	273607717	273666535	1	1	2	3	3	4	5	6	2	7	8	9	10	11	12	13	13
1	273666535	274389298	1	1	2	3	3	4	5	6	2	7	8	9	10	11	12	3	12
1	274389298	274772214	1	1	2	3	3	4	5	6	2	7	8	9	8	10	11	3	11
1	274772214	275713510	1	1	2	3	4	5	6	7	2	8	9	10	9	11	12	3	12
1	275713510	275727338	1	1	2	3	4	5	6	7	2	8	9	10	11	12	13	3	13
1	275727338	275751083	1	1	2	3	4	5	6	7	2	8	9	10	11	12	13	14	14
1	275751083	275948961	1	1	2	3	4	5	6	7	8	9	10	11	12	13	14	15	15
1	275948961	276074481	1	1	2	3	4	5	6	7	2	8	9	10	11	12	13	14	14
1	276074481	276233836	1	1	2	3	4	5	6	7	2	8	9	10	11	12	13	1	13
1	276233836	276522623	1	1	2	3	4	5	6	7	2	5	8	9	10	11	12	1	12
1	276522623	277059099	1	1	2	3	4	5	6	7	2	5	8	9	10	11	2	1	11
1	277059099	277125740	1	1	2	3	4	5	6	7	2	5	3	8	9	10	2	1	10
1	277125740	277130369	1	1	2	3	4	5	6	7	2	5	3	8	9	10	2	11	11
1	277130369	277133919	1	1	2	3	4	5	6	7	2	8	3	9	10	11	2	12	12
1	277133919	277599361	1	1	2	3	4	2	5	6	2	7	3	8	9	10	2	11	11
1	277599361	277643900	1	1	2	3	3	2	4	5	2	6	3	7	8	9	2	10	10
1	277643900	277651143	1	1	2	3	3	2	4	5	2	6	3	7	8	9	2	9	9
1	277651143	278092309	1	1	2	3	3	2	4	5	2	6	3	7	8	9	10	9	10
1	278092309	278092772	1	1	2	3	4	2	5	6	2	7	4	8	9	10	11	10	11
1	278092772	278136210	1	1	2	3	4	5	6	7	2	8	4	9	10	11	12	11	12
1	278136210	278144422	1	1	2	3	4	5	6	7	2	8	4	9	10	11	12	13	13
1	278144422	278149016	1	1	2	3	1	4	5	6	2	7	1	8	9	10	11	12	12
1	278149016	278531823	1	1	2	3	1	4	5	6	2	7	8	9	10	11	12	13	13
1	278531823	278533557	1	1	2	3	1	4	5	6	2	5	7	8	9	10	11	12	12
1	278533557	278899725	1	1	2	3	1	4	5	6	2	5	3	7	8	9	10	11	11
1	278899725	279283978	1	1	2	3	1	4	5	6	2	5	3	7	1	8	9	10	10
1	279283978	279335116	1	1	2	3	1	4	5	6	2	7	3	8	1	9	10	11	11
1	279335116	279603664	1	1	2	3	1	4	5	6	2	7	8	9	1	10	11	12	12
1	279603664	279761920	1	1	2	3	1	4	5	6	2	7	8	9	10	11	12	13	13
1	279761920	279887542	1	1	2	3	4	5	6	7	2	8	9	10	11	12	13	14	14
1	279887542	279925772	1	1	2	3	4	5	6	7	2	8	9	10	9	11	12	13	13
1	279925772	279939641	1	2	3	4	5	6	7	8	3	9	10	11	10	12	13	14	14
1	279939641	280120265	1	2	3	4	5	1	6	7	3	8	9	10	9	11	12	13	13
1	280120265	280547327	1	2	3	4	5	1	6	7	3	8	5	9	5	10	11	12	12
1	280547327	280608124	1	2	3	4	5	1	6	7	3	8	9	10	9	11	12	13	13
1	280608124	280665005	1	2	3	4	5	1	3	6	3	7	8	9	8	10	11	12	12
1	280665005	280694220	1	2	3	4	5	6	3	7	3	8	9	10	9	11	12	13	13
1	280694220	280812865	1	2	3	4	5	6	3	7	3	8	9	10	11	12	13	14	14
1	280812865	280908986	1	2	3	4	5	1	3	6	3	7	8	9	10	11	12	13	13
1	280908986	280909221	1	2	3	4	5	1	3	6	7	8	9	10	11	12	13	14	14
1	280909221	281032743	1	1	2	3	4	1	2	5	2	6	7	8	9	10	11	12	12
1	281032743	281035102	1	1	2	3	4	1	5	6	2	7	8	9	10	11	12	13	13
1	281035102	281129808	1	1	2	3	4	1	5	6	2	7	8	9	1	10	11	12	12
1	281129808	281176274	1	1	2	3	4	1	5	6	2	7	4	8	1	9	10	11	11
1	281176274	281447397	1	1	2	3	4	5	6	7	2	8	4	9	1	10	11	12	12
1	281447397	281459780	1	2	3	4	5	6	7	8	9	10	5	11	2	12	13	14	14
1	281459780	281618749	1	1	2	3	4	5	6	7	2	8	4	9	10	11	12	13	13
1	281618749	281620693	1	1	2	3	4	5	6	7	2	8	4	9	10	11	10	12	12
1	281620693	281641567	1	1	2	3	4	5	6	7	2	8	9	10	11	12	11	13	13
1	281641567	281972739	1	1	2	3	4	5	6	7	2	8	9	10	3	11	3	12	12
1	281972739	281975433	1	1	2	3	4	5	6	7	2	8	9	10	11	12	11	13	13
1	281975433	282569151	1	1	2	3	3	4	5	6	2	7	8	9	10	11	10	12	12
1	282569151	282590997	1	1	2	3	3	4	5	6	2	6	7	8	9	10	9	11	11
1	282590997	282853264	1	1	2	3	3	4	5	6	2	6	1	7	8	9	8	10	10
1	282853264	282857166	1	1	2	3	3	4	5	6	2	6	1	7	3	8	3	9	9
1	282857166	283038714	1	1	2	3	3	4	5	6	2	6	1	7	3	8	9	10	10
1	283038714	283058760	1	1	2	3	3	4	5	6	2	6	1	7	3	8	9	1	9
1	283058760	283165405	1	1	2	3	3	4	5	6	2	6	7	8	3	9	10	1	10
1	283165405	283422369	1	2	3	4	4	5	6	7	3	7	8	9	4	10	11	1	11
1	283422369	283560963	1	2	3	1	1	4	5	6	3	6	7	8	1	9	10	1	10
1	283560963	283651545	1	2	3	1	1	4	5	6	3	6	7	8	1	9	10	11	11
1	283651545	283667389	1	2	3	1	1	4	5	6	3	6	7	8	9	10	11	12	12
1	283667389	284177233	1	2	3	1	1	4	5	6	3	7	8	9	10	11	12	13	13
1	284177233	284236939	1	2	3	1	1	4	5	6	3	5	7	8	9	10	11	12	12
1	284236939	284240382	1	2	3	1	1	4	5	6	3	5	7	8	9	10	4	11	11
1	284240382	284241869	1	2	3	4	4	5	6	7	3	6	8	9	10	11	5	12	12
1	284241869	284686003	1	2	3	4	4	5	6	7	3	6	8	9	10	11	5	5	11
1	284686003	284757884	1	2	3	4	4	5	6	7	3	8	9	10	11	12	5	5	12
1	284757884	284986442	1	2	3	4	4	5	6	7	3	8	9	10	11	12	13	13	13
1	284986442	285026308	1	2	3	4	4	5	6	7	3	8	9	10	11	12	13	14	14
1	285026308	285328520	1	2	3	4	4	5	3	6	3	7	8	9	10	11	12	13	13
1	285328520	285420484	1	2	3	4	4	5	3	6	3	7	4	8	9	10	11	12	12
1	285420484	285469670	1	2	3	4	4	5	6	7	3	8	4	9	10	11	12	13	13
1	285469670	285489763	1	2	3	1	1	4	5	6	3	7	1	8	9	10	11	12	12
1	285489763	285811866	1	2	3	1	1	4	5	6	3	7	1	8	9	10	11	11	11
1	285811866	285819997	1	2	3	1	1	4	5	6	3	7	1	8	9	9	10	10	10
1	285819997	285871037	1	2	3	1	1	4	5	6	3	7	8	9	10	10	11	11	11
1	285871037	285932861	1	2	3	1	1	4	5	6	3	7	8	9	10	10	11	12	12
1	285932861	285958704	1	2	3	1	1	4	5	6	7	8	1	9	10	10	1	11	11
1	285958704	286077965	1	2	3	1	1	4	5	6	7	5	1	8	9	9	1	10	10
1	286077965	286166506	1	2	3	1	1	4	5	6	7	5	1	8	9	10	1	11	11
1	286166506	286206765	1	2	3	1	1	4	5	6	7	8	1	9	10	11	1	12	12
1	286206765	286209090	1	2	3	4	1	5	6	7	8	9	1	10	11	12	1	13	13
1	286209090	286270226	1	2	3	4	5	6	7	8	9	10	1	11	12	13	5	14	14
1	286270226	286422682	1	2	3	4	5	6	7	8	9	10	1	11	10	12	5	13	13
1	286422682	286425999	1	2	3	4	5	6	7	8	9	10	1	11	10	12	13	14	14
1	286425999	286548755	1	2	3	4	4	5	6	7	8	9	1	10	9	11	12	13	13
1	286548755	286585383	1	2	3	4	4	5	6	7	8	9	10	11	9	12	13	14	14
1	286585383	286740025	1	2	3	4	4	5	6	7	8	9	10	11	12	13	14	15	15
1	286740025	286740521	1	2	3	4	5	6	7	8	9	10	11	12	13	14	15	16	16
1	286740521	286745910	1	2	3	4	4	5	6	7	8	9	10	11	12	13	14	15	15
1	286745910	287063515	1	2	3	4	4	5	6	7	3	8	9	10	11	12	13	2	13
1	287063515	287065079	1	2	3	2	2	4	5	6	3	7	8	9	10	11	12	2	12
1	287065079	287159189	1	2	3	2	2	1	4	5	3	6	7	8	9	10	11	2	11
1	287159189	288411601	1	2	3	4	4	1	5	6	3	7	8	9	10	11	12	4	12
1	288411601	288494414	1	2	3	1	1	1	4	5	3	6	7	8	9	10	11	1	11
1	288494414	288677942	1	2	3	1	1	1	4	5	6	7	8	9	10	11	12	1	12
1	288677942	288681760	1	2	3	1	1	1	4	5	6	7	8	9	6	10	11	1	11
1	288681760	288700706	1	2	3	1	1	1	4	5	6	7	8	9	6	4	10	1	10
1	288700706	289616444	1	2	3	4	4	4	5	6	7	8	9	10	7	5	11	4	11
1	289616444	289635884	1	2	3	4	4	4	5	6	7	8	9	10	7	11	12	4	12
1	289635884	289639954	1	2	3	4	4	4	5	6	7	8	9	10	11	12	13	4	13
1	289639954	289663559	1	2	3	4	5	5	6	7	8	9	10	11	12	13	14	4	14
1	289663559	289701200	1	2	3	4	5	5	6	7	8	9	10	11	12	6	13	4	13
1	289701200	290189739	1	2	3	4	4	4	5	6	7	8	9	10	11	5	12	4	12
1	290189739	290218406	1	2	3	4	4	5	6	7	8	9	10	11	12	6	13	4	13
1	290218406	290227810	1	1	2	3	3	4	5	6	7	8	9	10	11	5	12	3	12
1	290227810	290442215	1	1	2	3	3	4	5	6	2	7	8	9	10	5	11	3	11
1	290442215	290470506	1	1	2	3	3	4	5	6	2	7	8	9	1	5	10	3	10
1	290470506	290915428	1	1	2	3	3	4	5	6	2	7	8	9	1	10	11	3	11
1	290915428	291062740	1	1	2	3	3	4	5	6	2	7	8	9	10	11	12	3	12
1	291062740	291178249	1	2	3	4	4	5	6	7	3	8	9	10	11	12	13	4	13
1	291178249	291359785	1	2	3	4	5	6	7	8	3	9	10	11	12	13	14	5	14
1	291359785	291493101	1	2	3	4	5	6	7	8	3	9	10	11	12	9	13	5	13
1	291493101	291515788	1	2	3	4	4	5	6	7	3	8	9	10	11	8	9	4	11
1	291515788	291615303	1	1	2	3	3	4	5	6	2	7	8	9	10	7	8	3	10
1	291615303	291674510	1	1	2	3	3	4	5	6	2	4	7	8	9	4	7	3	9
1	291674510	291755417	1	1	2	1	1	3	4	5	2	3	6	7	8	3	6	1	8
1	291755417	292043299	1	1	2	1	1	3	4	5	2	3	6	7	3	3	6	1	7
1	292043299	292044950	1	1	2	1	1	3	4	5	2	3	6	7	3	8	6	1	8
1	292044950	292050468	1	1	2	1	1	3	4	5	2	3	6	7	3	8	9	1	9
1	292050468	292171440	1	2	3	2	2	4	5	6	3	7	8	9	7	10	11	2	11
1	292171440	292173383	1	2	3	4	4	5	6	7	3	8	9	10	8	11	12	4	12
1	292173383	293193617	1	2	3	4	4	5	6	7	3	8	9	10	11	12	13	4	13
1	293193617	293285026	1	2	3	4	4	5	6	7	3	8	5	9	10	11	12	4	12
1	293285026	293621764	1	2	3	4	5	6	7	8	3	9	6	10	11	12	13	5	13
1	293621764	293746345	1	2	3	4	5	6	7	5	3	8	6	9	10	11	12	5	12
1	293746345	293748231	1	2	3	4	5	6	7	5	3	8	6	9	10	11	12	13	13
1	293748231	293748410	1	2	3	4	5	6	7	5	3	8	9	10	11	12	13	14	14
1	293748410	293999968	1	2	3	4	5	6	7	5	3	8	9	10	11	12	5	13	13
1	293999968	294119451	1	2	3	4	5	6	7	8	3	9	10	11	12	13	5	14	14
1	294119451	294249438	1	2	3	4	5	6	7	8	3	9	10	11	12	13	14	15	15
1	294249438	294258954	1	2	3	4	5	6	7	8	3	9	10	11	12	13	10	14	14
1	294258954	294260988	1	2	3	4	5	6	7	8	3	9	10	8	11	12	10	13	13
1	294260988	294501349	1	2	3	4	5	6	7	8	3	9	10	8	11	9	10	12	12
1	294501349	294505371	1	2	3	4	5	6	7	8	3	9	6	8	10	9	6	11	11
1	294505371	294619290	1	2	3	4	5	6	7	8	3	7	6	8	9	7	6	10	10
1	294619290	294632741	1	2	3	4	5	6	7	8	3	9	6	8	10	7	6	11	11
1	294632741	294633406	1	2	3	4	5	6	7	8	3	9	6	10	11	7	6	12	12
1	294633406	294667309	1	2	3	4	5	6	7	8	3	9	6	10	11	7	12	13	13
1	294667309	294872172	1	2	3	4	5	6	7	5	3	8	6	9	10	7	11	12	12
1	294872172	294960798	1	2	3	4	5	2	6	5	3	7	2	8	9	6	10	11	11
1	294960798	295270927	1	2	3	4	5	6	7	5	3	8	2	9	2	7	10	11	11
1	295270927	295574068	1	2	3	4	5	6	7	5	3	8	9	10	9	11	12	13	13
1	295574068	295588790	1	2	3	4	5	6	7	8	3	9	10	11	10	12	13	14	14
1	295588790	295600905	1	2	3	4	5	6	7	8	3	9	10	11	12	13	14	15	15
1	295600905	295602496	1	2	3	4	5	6	7	8	9	10	11	12	13	14	15	16	16
1	295602496	295616671	1	2	3	4	5	6	7	8	3	9	10	11	12	13	14	15	15
1	295616671	295779137	1	2	3	4	5	6	7	8	3	9	10	11	12	13	6	14	14
1	295779137	296026485	1	2	3	4	5	6	7	8	3	9	10	11	12	13	6	2	13
1	296026485	296305468	1	2	3	4	5	6	7	8	3	9	6	10	11	12	6	2	12
1	296305468	296363221	1	2	3	4	5	6	7	8	3	9	6	10	11	12	13	2	13
1	296363221	296462780	1	2	3	4	5	6	7	8	3	9	10	11	12	13	14	2	14
1	296462780	296466012	1	2	3	4	5	6	7	8	3	9	10	11	12	13	5	2	13
1	296466012	297079094	1	2	3	4	5	6	7	8	3	9	10	11	12	13	5	14	14
1	297079094	297079772	1	2	3	4	5	4	6	7	3	8	9	10	11	12	5	13	13
1	297079772	297242759	1	2	3	4	5	4	6	7	3	8	9	10	11	12	13	14	14
1	297242759	297408641	1	2	3	4	4	4	5	6	3	7	8	9	10	11	12	13	13
1	297408641	297438547	1	2	3	4	5	5	6	7	3	8	9	10	11	12	13	14	14
1	297438547	297597144	1	2	3	4	5	6	7	8	3	9	10	11	12	13	14	15	15
1	297597144	297605742	1	2	3	4	5	6	7	8	3	9	10	11	12	13	12	14	14
1	297605742	297610125	1	2	3	4	5	6	7	8	9	10	11	12	13	14	13	15	15
1	297610125	297616531	1	2	3	4	5	6	7	8	9	10	5	11	12	13	12	14	14
1	297616531	297665520	1	2	3	4	5	1	6	7	8	9	5	10	11	12	11	5	12
1	297665520	297821409	1	2	3	1	4	1	5	6	7	8	4	9	10	11	10	4	11
1	297821409	297861130	1	2	3	4	5	1	6	7	8	9	5	10	11	12	11	5	12
1	297861130	297862936	1	2	3	4	5	1	6	7	8	9	10	11	12	13	12	5	13
1	297862936	298045611	1	2	3	4	5	2	6	7	6	8	9	10	11	12	11	5	12
1	298045611	298054811	1	2	3	4	5	2	6	7	6	8	9	10	2	11	12	5	12
1	298054811	298067080	1	2	3	4	5	6	7	8	9	10	11	12	6	13	14	5	14
1	298067080	298467495	1	2	3	4	5	6	7	5	8	9	10	11	6	12	13	5	13
1	298467495	298469123	1	2	3	4	2	5	6	2	7	8	9	10	5	11	12	2	12
1	298469123	298591351	1	2	3	4	5	6	7	2	8	9	10	11	6	12	13	5	13
1	298591351	298696156	1	2	3	4	5	6	7	2	8	9	10	11	12	13	14	5	14
1	298696156	298706197	1	2	3	4	5	6	7	8	9	10	11	12	13	14	15	5	15
1	298706197	298995236	1	2	3	4	5	6	7	8	9	10	11	12	8	13	14	5	14
1	298995236	299000291	1	2	3	4	5	6	7	8	9	10	11	12	13	14	15	5	15
1	299000291	299004839	1	2	3	4	5	6	7	8	8	9	10	11	12	13	14	5	14
1	299004839	299058363	1	2	3	4	5	6	7	8	8	9	10	11	12	13	14	15	15
1	299058363	299195120	1	2	3	4	5	6	7	8	8	9	6	10	11	12	13	14	14
1	299195120	299195432	1	2	3	4	5	6	7	8	9	10	6	11	12	13	14	15	15
1	299195432	299320602	1	2	3	4	5	6	7	8	9	10	6	11	3	12	13	14	14
1	299320602	299456690	1	2	3	4	5	6	7	8	9	10	11	12	3	13	14	15	15
1	299456690	299616666	1	2	3	4	5	6	7	8	9	10	11	12	13	14	15	16	16
1	299616666	299646233	1	2	3	4	5	6	7	8	9	10	3	11	12	13	14	15	15
1	299646233	299651087	1	2	3	1	4	5	6	7	8	9	3	10	11	12	13	14	14
1	299651087	300437209	1	2	3	1	4	5	6	7	8	9	3	10	11	12	9	13	13
1	300437209	300506954	1	2	3	1	4	5	6	7	8	9	10	11	12	13	9	14	14
1	300506954	300510017	1	2	3	1	4	5	6	7	8	9	7	10	11	12	9	13	13
1	300510017	300510103	1	2	3	1	4	5	6	7	8	7	7	9	10	11	7	12	12
1	300510103	300522760	1	2	3	1	4	5	6	7	8	7	7	9	10	11	7	4	11
1	300522760	300523629	1	2	3	4	5	6	7	8	9	8	8	10	11	12	8	5	12
1	300523629	300617334	1	2	3	4	5	6	7	8	9	8	8	10	11	12	13	5	13
1	300617334	300737180	1	2	3	4	5	6	7	3	8	3	3	9	10	11	12	5	12
1	300737180	300741879	1	2	3	4	5	6	7	8	9	3	3	10	11	12	13	5	13
1	300741879	300743455	1	2	3	4	5	6	7	8	9	3	10	11	12	13	5	14	14
1	300743455	300747478	1	2	3	4	5	6	7	8	9	3	10	11	12	13	5	10	13
1	300747478	300778742	1	2	3	4	5	6	7	8	9	3	2	10	11	12	5	2	12
1	300778742	300782792	1	2	3	4	5	6	7	8	9	10	2	11	12	13	5	2	13
1	300782792	300819309	1	2	3	4	5	6	7	6	8	9	2	10	11	12	5	2	12
1	300819309	300852376	1	2	3	4	5	6	7	6	8	9	2	10	11	12	5	13	13
1	300852376	300852451	1	2	3	4	5	6	7	6	8	9	10	11	12	13	14	15	15
1	300852451	300932696	1	2	3	4	5	6	7	8	9	10	11	12	13	14	15	16	16
1	300932696	301296025	1	2	3	4	5	6	7	8	9	10	11	12	11	13	14	15	15
1	301296025	301375311	1	2	3	4	5	6	7	8	9	10	11	12	13	14	15	16	16
1	301375311	301379864	1	2	3	4	5	6	7	8	9	10	11	12	1	13	14	15	15
1	301379864	301724247	1	2	3	4	5	6	7	8	9	10	11	12	1	7	13	14	14
1	301724247	301729803	1	2	3	4	5	6	7	8	9	10	11	12	1	13	14	15	15
1	301729803	301732450	1	2	3	4	5	6	7	3	8	9	10	11	1	12	13	14	14
1	301732450	302141324	1	2	3	4	5	6	5	3	7	8	9	10	1	11	12	13	13
1	302141324	302185856	1	2	1	3	4	5	4	1	6	7	8	9	1	10	11	12	12
1	302185856	302187637	1	2	3	4	5	6	5	7	8	9	10	11	3	12	13	14	14
1	302187637	302359362	1	2	3	4	5	6	7	8	9	10	11	12	3	13	14	15	15
1	302359362	302383051	1	2	3	4	5	6	7	8	9	10	11	12	3	13	14	2	14
1	302383051	302475987	1	2	3	4	5	6	7	8	9	10	4	11	3	12	13	2	13
1	302475987	302868781	1	2	3	4	5	6	7	8	9	10	4	11	3	12	5	2	12
1	302868781	302868896	1	2	3	4	5	6	7	8	9	10	4	11	3	11	5	2	11
1	302868896	302869174	1	2	3	4	5	6	2	7	8	9	4	10	3	10	5	2	10
1	302869174	302961334	1	2	3	4	5	6	2	7	8	9	4	10	3	10	5	11	11
1	302961334	303107642	1	2	3	4	5	5	2	6	7	8	4	9	3	9	5	10	10
1	303107642	303225211	1	2	3	4	5	5	6	7	8	9	4	10	3	10	5	11	11
1	303225211	303249728	1	2	3	4	5	5	6	7	8	9	4	10	3	11	12	13	13
1	303249728	303365531	1	2	3	4	5	6	7	8	9	10	4	11	3	12	13	14	14
1	303365531	303411447	1	2	3	3	4	5	6	7	8	9	3	10	3	11	12	13	13
1	303411447	303456437	1	2	3	3	4	5	6	7	8	9	10	11	3	12	13	14	14
1	303456437	303770716	1	2	3	4	5	6	7	8	9	10	11	12	4	13	14	15	15
1	303770716	303806754	1	2	3	4	5	6	7	8	9	10	11	12	13	14	15	16	16
1	303806754	303834002	1	2	3	4	5	6	7	8	9	10	11	12	13	14	15	8	15
1	303834002	304199250	1	2	3	4	5	6	7	6	8	9	10	11	12	13	14	6	14
1	304199250	304261204	1	2	3	4	5	6	7	6	8	9	10	11	12	13	14	15	15
1	304261204	305093441	1	2	3	4	5	6	7	8	9	10	11	12	13	14	15	16	16
1	305093441	305158734	1	2	3	4	5	6	7	8	9	10	11	12	1	13	14	15	15
1	305158734	305504746	1	2	3	4	4	5	6	7	8	9	10	11	1	12	13	14	14
1	305504746	305634532	1	2	3	4	5	6	7	8	9	10	11	12	1	13	14	15	15
1	305634532	305677755	1	2	3	4	5	6	7	8	3	9	10	11	1	12	13	14	14
1	305677755	305679739	1	2	3	4	5	1	6	7	3	8	9	10	1	11	12	13	13
1	305679739	305698314	1	2	3	4	5	1	6	7	3	8	9	10	1	5	11	12	12
1	305698314	305802279	1	2	3	4	5	1	6	7	3	8	9	10	1	5	9	11	11
1	305802279	305920504	1	2	3	4	5	1	6	7	3	8	9	10	1	5	9	10	10
1	305920504	305923412	1	2	3	4	4	1	5	6	3	7	8	9	1	4	8	9	9
1	305923412	306021026	1	2	3	4	4	1	5	2	3	6	7	8	1	4	7	8	8
1	306021026	306057313	1	2	3	4	4	1	5	2	3	6	7	8	1	9	7	8	9
1	306057313	306165557	1	2	3	4	4	1	5	2	3	6	7	8	1	9	7	10	10
1	306165557	306167108	1	2	3	4	4	1	5	6	3	7	8	9	1	10	8	11	11
1	306167108	306304442	1	2	3	4	4	1	5	6	3	7	8	9	1	10	11	12	12
1	306304442	306358552	1	2	3	4	4	1	5	6	3	7	8	9	1	10	11	2	11
1	306358552	306359963	1	2	3	1	4	1	5	6	3	7	8	9	1	10	11	2	11
1	306359963	306361381	1	2	3	4	5	4	6	7	3	8	9	10	4	11	12	2	12
1	306361381	306362886	1	2	3	4	5	4	6	7	8	9	10	11	12	13	14	2	14
1	306362886	306462039	1	2	3	4	5	4	6	7	8	9	10	11	4	12	13	2	13
1	306462039	306544447	1	2	3	4	5	4	6	7	3	8	8	9	4	10	11	2	11
1	306544447	306634129	1	2	3	4	5	4	6	7	3	8	8	9	4	10	11	12	12
1	306634129	306910442	1	2	3	4	5	4	6	7	3	8	8	9	4	10	9	11	11
1	306910442	306972432	1	2	3	4	5	4	6	7	3	8	8	9	4	10	11	12	12
