chrom	start	end	B73_inra	A632_usa	CO255_inra	FV252_inra	OH43_inra	A654_inra	FV2_inra	C103_inra	EP1_inra	D105_inra	W117_inra	B96	DK63	F492	ND245	VA85	n_haps
2	37549	730407	1	2	2	2	3	4	5	6	7	8	4	9	10	11	5	12	12
2	730407	736438	1	2	2	2	3	4	5	6	7	8	9	10	11	12	5	13	13
2	736438	738995	1	2	2	2	3	4	5	6	7	8	4	9	10	11	5	12	12
2	738995	739523	1	2	2	2	3	4	5	6	2	7	4	8	9	10	11	12	12
2	739523	741881	1	2	2	3	4	5	6	7	2	8	5	9	10	11	12	13	13
2	741881	831616	1	2	2	3	4	5	6	7	2	8	5	9	10	11	12	1	12
2	831616	895987	1	2	2	3	4	5	6	7	2	8	5	8	9	10	11	1	11
2	895987	924387	1	2	2	3	4	5	6	7	2	8	5	8	1	9	10	1	10
2	924387	1017884	1	2	2	3	4	5	6	7	2	8	5	8	1	9	10	11	11
2	1017884	1025468	1	2	3	4	5	6	7	8	2	9	6	9	1	10	11	12	12
2	1025468	1166774	1	2	3	4	5	6	7	8	2	9	6	10	1	11	12	13	13
2	1166774	1259659	1	2	3	4	5	6	7	8	9	10	6	11	1	12	13	14	14
2	1259659	1259935	1	2	3	4	5	6	7	5	8	9	6	10	1	11	12	13	13
2	1259935	1334287	1	2	3	4	5	6	7	5	8	9	10	11	1	12	13	14	14
2	1334287	1337677	1	2	3	4	5	6	7	5	5	8	9	10	1	11	12	13	13
2	1337677	1415386	1	2	3	4	5	6	7	5	5	8	9	10	1	1	11	12	12
2	1415386	1428888	1	2	3	4	5	6	7	8	8	9	10	11	1	1	12	13	13
2	1428888	1435828	1	2	3	4	5	6	7	8	8	9	10	11	12	1	13	14	14
2	1435828	1436544	1	2	3	4	5	6	7	8	8	9	10	8	11	1	12	13	13
2	1436544	1533307	1	2	3	4	5	6	7	8	8	7	9	8	10	1	11	12	12
2	1533307	1540585	1	2	3	4	5	6	7	8	8	7	9	8	10	11	12	13	13
2	1540585	1558229	1	2	3	4	5	6	7	8	9	7	10	9	11	12	13	14	14
2	1558229	1620344	1	2	3	4	5	6	7	8	9	7	10	9	2	11	12	13	13
2	1620344	1621967	1	2	3	4	5	6	7	8	9	7	10	11	2	12	13	14	14
2	1621967	1640171	1	2	3	4	5	6	7	8	9	7	10	11	2	12	7	13	13
2	1640171	1648245	1	2	3	4	5	6	7	8	9	7	10	11	2	1	7	12	12
2	1648245	1666914	1	2	3	4	5	6	7	8	9	10	11	12	2	1	7	13	13
2	1666914	1672282	1	2	3	4	5	6	7	8	9	10	11	12	13	1	7	14	14
2	1672282	1676042	1	2	3	4	5	6	7	8	9	10	11	12	3	1	7	13	13
2	1676042	1686957	1	2	3	4	5	6	7	8	9	10	10	11	3	1	7	12	12
2	1686957	1704694	1	2	3	4	5	6	7	2	8	9	9	10	3	1	7	11	11
2	1704694	1716977	1	2	3	4	5	4	6	2	7	8	8	9	3	1	6	10	10
2	1716977	1810107	1	2	3	4	5	4	6	2	7	8	8	9	3	1	6	9	9
2	1810107	1841909	1	2	3	4	5	4	6	2	7	8	9	10	3	1	6	10	10
2	1841909	1914576	1	2	3	4	5	4	6	2	7	8	9	10	3	11	6	10	11
2	1914576	1926770	1	2	3	4	5	4	6	2	7	8	9	10	3	11	6	12	12
2	1926770	1951086	1	2	3	4	5	4	6	2	7	8	9	10	11	12	6	13	13
2	1951086	2033345	1	2	3	4	5	6	7	2	8	9	10	11	12	13	7	14	14
2	2033345	2098910	1	2	3	4	5	6	7	8	9	10	11	12	13	14	7	15	15
2	2098910	2223172	1	2	3	4	5	6	7	8	9	10	11	12	13	6	7	14	14
2	2223172	2245937	1	1	2	3	4	5	6	7	8	9	10	11	12	5	6	13	13
2	2245937	2356502	1	1	2	3	4	5	6	7	8	9	10	4	11	5	6	12	12
2	2356502	2488452	1	1	2	3	4	5	6	7	8	9	10	4	11	12	6	13	13
2	2488452	2501394	1	1	2	3	4	5	6	7	8	9	10	4	11	12	6	11	12
2	2501394	2647205	1	1	2	3	4	5	6	7	8	9	10	11	12	13	6	12	13
2	2647205	3062942	1	1	2	3	4	5	6	7	8	9	1	10	11	12	6	11	12
2	3062942	3096132	1	1	2	3	4	5	6	7	8	9	10	11	12	13	6	12	13
2	3096132	3101331	1	2	3	4	5	6	7	8	9	10	11	12	13	14	7	13	14
2	3101331	3122884	1	1	2	3	4	5	6	7	8	9	10	11	12	13	6	12	13
2	3122884	3240602	1	1	2	3	4	5	6	7	2	8	9	10	11	12	6	11	12
2	3240602	3265128	1	1	2	3	4	1	5	6	2	7	8	9	10	11	5	10	11
2	3265128	3409886	1	1	2	3	4	1	5	6	2	7	8	9	10	11	5	12	12
2	3409886	3411673	1	1	2	3	4	1	5	3	2	6	7	8	9	10	5	11	11
2	3411673	3544840	1	1	2	3	4	1	5	3	2	6	7	8	9	10	5	4	10
2	3544840	3547787	1	1	2	3	4	1	5	6	2	7	8	9	10	11	5	4	11
2	3547787	3580660	1	1	2	3	4	1	5	6	2	7	8	9	10	11	5	12	12
2	3580660	3587454	1	1	2	3	4	5	6	7	2	8	9	10	11	12	6	13	13
2	3587454	3795677	1	1	2	3	3	4	5	6	2	7	8	9	10	11	5	12	12
2	3795677	3801101	1	1	2	1	1	3	4	5	2	6	7	8	9	10	4	11	11
2	3801101	3959208	1	1	2	1	3	4	5	6	2	7	8	9	10	11	5	12	12
2	3959208	3961857	1	1	2	1	3	4	5	6	7	8	9	10	11	12	5	13	13
2	3961857	4127205	1	1	2	1	3	4	5	6	2	7	8	9	10	11	5	12	12
2	4127205	4131064	1	1	2	3	4	5	6	7	2	8	9	10	11	12	6	13	13
2	4131064	4132665	1	2	3	4	5	6	7	8	3	9	10	11	12	13	7	14	14
2	4132665	4233065	1	1	2	3	4	5	6	7	2	8	9	10	11	12	6	13	13
2	4233065	4481156	1	1	2	3	4	5	6	7	2	8	9	10	11	12	13	14	14
2	4481156	4631684	1	1	2	3	4	5	6	7	2	8	9	10	11	12	6	13	13
2	4631684	4667374	1	1	2	3	4	5	6	7	2	8	9	10	11	12	13	14	14
2	4667374	4668065	1	2	3	4	5	6	7	8	3	9	10	11	12	13	14	15	15
2	4668065	4808238	1	1	2	3	4	5	6	7	2	8	9	10	11	12	13	14	14
2	4808238	5015405	1	1	2	3	4	5	6	7	2	8	9	10	11	12	13	5	13
2	5015405	5774796	1	1	2	3	4	5	6	7	2	8	9	10	11	12	13	14	14
2	5774796	5778201	1	1	2	3	4	5	6	7	8	9	10	11	12	13	14	15	15
2	5778201	5854519	1	1	2	3	4	5	6	7	2	8	9	10	11	12	13	14	14
2	5854519	5954682	1	1	2	3	4	5	6	7	2	8	9	3	10	11	12	13	13
2	5954682	6100390	1	1	2	3	4	5	6	7	8	9	10	3	11	12	13	14	14
2	6100390	6100638	1	1	2	3	4	5	6	7	8	9	10	3	11	12	13	5	13
2	6100638	6131530	1	1	2	3	4	5	6	7	8	9	10	3	5	11	12	5	12
2	6131530	6133095	1	1	2	3	4	5	6	7	8	9	10	11	5	12	13	5	13
2	6133095	6142168	1	1	2	3	3	4	5	6	7	8	9	10	4	11	12	4	12
2	6142168	6411187	1	1	2	3	3	1	4	5	6	7	8	9	1	10	11	1	11
2	6411187	6411981	1	1	2	3	3	4	5	6	7	8	9	10	4	11	12	4	12
2	6411981	6414182	1	1	2	3	3	4	5	6	7	8	9	10	11	12	13	4	13
2	6414182	6517096	1	1	2	3	4	5	6	7	8	9	10	11	12	13	14	5	14
2	6517096	6633886	1	1	2	3	4	5	6	7	8	8	9	10	11	12	13	14	14
2	6633886	6654274	1	1	2	3	4	5	6	7	5	5	8	9	10	11	12	13	13
2	6654274	6876953	1	1	2	3	4	5	6	7	5	5	8	9	10	11	9	12	12
2	6876953	6883889	1	1	2	3	4	5	6	7	5	5	8	9	10	11	12	13	13
2	6883889	6884299	1	1	2	3	4	5	6	7	5	8	9	10	11	12	13	14	14
2	6884299	7092003	1	1	2	3	4	5	6	7	8	9	10	11	12	13	14	15	15
2	7092003	7300894	1	1	2	3	4	5	6	7	8	9	10	11	12	13	14	12	14
2	7300894	7400652	1	1	2	3	4	5	6	6	7	8	9	10	11	12	13	11	13
2	7400652	7546691	1	1	2	3	4	4	5	5	6	7	8	9	10	11	12	10	12
2	7546691	7547403	1	1	2	3	4	4	5	6	7	8	9	10	11	12	13	11	13
2	7547403	7547590	1	2	3	4	5	5	6	7	8	9	10	11	12	13	14	12	14
2	7547590	7654489	1	1	2	3	4	4	5	6	7	8	9	10	11	12	13	11	13
2	7654489	7732082	1	1	2	3	4	5	6	7	8	9	10	11	12	13	14	12	14
2	7732082	8135220	1	1	2	3	4	5	6	7	8	9	10	11	12	13	14	15	15
2	8135220	8148245	1	1	2	3	4	5	6	7	8	9	10	11	1	12	13	14	14
2	8148245	8912801	1	1	2	3	4	5	6	4	7	8	9	10	1	11	12	13	13
2	8912801	9082060	1	1	2	3	4	5	6	4	7	8	9	10	1	11	12	1	12
2	9082060	9094296	1	1	2	3	4	5	6	4	7	8	9	10	1	11	2	1	11
2	9094296	9171904	1	1	2	3	4	5	6	7	8	9	10	11	1	12	2	1	12
2	9171904	9191929	1	1	2	3	4	5	6	7	8	9	10	11	1	12	2	13	13
2	9191929	9295079	1	1	2	3	4	5	6	7	8	9	10	11	12	13	2	14	14
2	9295079	9325140	1	1	2	3	4	5	6	7	8	9	10	11	12	13	14	15	15
2	9325140	9545635	1	1	2	3	4	5	6	3	7	8	9	10	11	12	13	14	14
2	9545635	9831312	1	1	2	3	4	5	6	7	8	9	10	11	12	13	14	15	15
2	9831312	10169101	1	1	2	3	4	5	2	6	7	8	9	10	11	12	13	14	14
2	10169101	10185198	1	1	2	3	4	5	2	6	7	8	9	10	11	12	13	9	13
2	10185198	10216526	1	1	2	3	4	5	2	6	7	2	8	9	10	11	12	8	12
2	10216526	10317116	1	1	2	2	3	4	2	5	6	2	1	7	8	9	10	1	10
2	10317116	10336101	1	2	3	3	4	5	3	6	7	3	2	8	9	10	11	2	11
2	10336101	10504224	1	2	3	3	4	5	3	6	7	3	8	9	10	11	12	2	12
2	10504224	10511594	1	2	3	4	5	6	3	7	8	3	9	10	11	12	13	2	13
2	10511594	10612363	1	2	3	4	5	6	7	8	9	3	10	11	12	13	14	2	14
2	10612363	10615056	1	2	3	4	5	6	7	8	9	3	10	11	12	2	13	2	13
2	10615056	10630028	1	2	3	4	5	6	7	8	9	10	11	12	13	2	14	2	14
2	10630028	10682917	1	2	3	4	5	6	7	8	9	10	11	12	13	2	14	15	15
2	10682917	10768713	1	2	3	4	5	6	7	8	9	10	8	11	12	2	13	14	14
2	10768713	10774255	1	2	3	4	5	6	7	8	9	10	8	11	12	13	14	15	15
2	10774255	10774286	1	2	3	4	5	6	7	3	8	9	3	10	11	12	13	14	14
2	10774286	10779183	1	2	3	4	5	6	7	3	8	5	3	9	10	11	12	13	13
2	10779183	10891520	1	2	3	4	3	5	6	3	7	3	3	8	9	10	11	12	12
2	10891520	11164292	1	2	3	4	3	5	6	7	8	3	3	9	10	11	12	13	13
2	11164292	11164770	1	2	3	4	5	6	7	8	9	3	3	10	11	12	13	14	14
2	11164770	11166248	1	2	3	4	5	6	7	8	9	10	3	11	12	13	14	15	15
2	11166248	11324775	1	2	3	4	5	6	7	8	9	10	11	12	13	14	15	16	16
2	11324775	11325385	1	2	3	4	5	6	7	8	9	5	10	11	12	13	14	15	15
2	11325385	11340673	1	2	3	4	5	6	7	8	9	5	10	11	12	13	3	14	14
2	11340673	11553772	1	2	3	4	5	2	6	7	8	5	9	10	11	12	3	13	13
2	11553772	11626984	1	2	3	4	5	2	6	7	8	5	9	10	5	11	3	12	12
2	11626984	11826893	1	1	2	3	4	1	5	6	7	4	8	9	4	10	2	11	11
2	11826893	11827815	1	1	2	3	4	5	6	7	8	4	9	10	11	12	2	13	13
2	11827815	11831517	1	1	2	3	4	5	6	7	8	9	10	11	12	13	2	14	14
2	11831517	11894586	1	1	2	3	4	5	6	7	8	9	10	11	12	13	14	15	15
2	11894586	11915201	1	2	3	4	5	6	7	8	9	10	11	12	13	14	15	16	16
2	11915201	12119475	1	1	2	3	4	5	6	7	8	9	10	11	12	13	14	15	15
2	12119475	12247014	1	1	2	3	4	5	6	7	8	9	10	11	12	13	14	3	14
2	12247014	12274994	1	1	2	3	4	4	5	6	7	8	9	10	11	12	13	3	13
2	12274994	12316007	1	1	2	3	4	4	5	6	7	8	9	10	3	11	12	3	12
2	12316007	12430343	1	1	2	3	4	4	5	2	6	7	8	9	3	10	11	3	11
2	12430343	12491869	1	1	2	3	4	4	5	2	6	7	8	9	3	10	11	12	12
2	12491869	12495099	1	1	2	3	4	5	6	2	7	8	9	10	3	11	12	13	13
2	12495099	12495921	1	1	2	3	4	5	6	2	7	8	9	10	11	12	13	14	14
2	12495921	12528573	1	1	2	3	4	5	6	7	8	9	10	11	12	13	14	15	15
2	12528573	12542983	1	1	2	3	3	4	5	6	7	8	9	10	11	12	13	14	14
2	12542983	12543707	1	1	2	3	3	4	5	6	7	8	9	10	11	12	13	12	13
2	12543707	12652477	1	1	2	3	3	4	5	6	7	8	9	10	11	12	5	12	12
2	12652477	12747016	1	1	2	3	3	4	5	6	7	8	9	10	7	11	5	11	11
2	12747016	12747248	1	1	2	3	4	5	6	7	8	9	10	11	8	12	6	12	12
2	12747248	12758924	1	1	2	3	3	4	5	6	7	8	9	10	7	11	5	11	11
2	12758924	12876626	1	1	2	3	3	4	5	6	7	8	9	10	7	11	5	12	12
2	12876626	12877280	1	1	2	3	3	4	5	6	7	8	9	10	11	12	5	13	13
2	12877280	12908090	1	2	3	4	4	5	6	7	8	9	10	11	12	13	6	14	14
2	12908090	12912968	1	2	3	4	4	5	6	7	8	3	9	10	11	12	6	13	13
2	12912968	12916503	1	1	2	3	3	4	5	6	7	2	8	9	10	11	5	12	12
2	12916503	12958815	1	1	2	3	3	4	2	5	6	2	7	8	9	10	2	11	11
2	12958815	13067755	1	1	2	3	3	4	5	6	7	2	8	9	10	11	2	12	12
2	13067755	13290558	1	1	2	3	3	4	5	6	7	2	8	9	3	10	2	11	11
2	13290558	13315979	1	1	2	3	3	4	5	6	7	8	9	10	3	11	2	12	12
2	13315979	13317871	1	2	3	4	5	6	7	8	9	10	11	12	4	13	3	14	14
2	13317871	13527413	1	2	3	4	4	5	6	7	8	9	10	11	4	12	3	13	13
2	13527413	13579480	1	1	2	3	3	4	5	6	7	8	9	10	3	11	2	12	12
2	13579480	13579507	1	1	2	3	3	4	5	6	2	7	8	9	3	10	2	11	11
2	13579507	13579573	1	1	2	3	3	4	5	6	7	8	9	10	3	11	7	12	12
2	13579573	13849576	1	1	2	3	3	4	5	6	7	8	9	10	11	12	7	13	13
2	13849576	13952563	1	1	2	3	3	4	5	6	7	8	9	10	11	4	7	1	11
2	13952563	13962479	1	1	2	3	3	4	5	6	7	8	9	10	11	4	12	1	12
2	13962479	13962585	1	1	2	3	4	5	6	7	8	9	10	11	12	5	13	1	13
2	13962585	14162173	1	1	2	3	4	5	6	7	8	9	2	10	11	5	12	1	12
2	14162173	14179573	1	1	2	3	4	5	6	7	8	6	2	9	10	5	11	1	11
2	14179573	14183208	1	1	2	3	4	5	6	2	7	6	2	8	9	5	8	1	9
2	14183208	14301414	1	1	2	3	4	5	2	2	6	2	2	7	8	5	7	1	8
2	14301414	14308644	1	1	2	3	4	5	2	6	7	2	6	8	9	5	8	1	9
2	14308644	14334832	1	1	2	3	4	5	2	6	7	2	6	4	8	5	4	1	8
2	14334832	14672060	1	1	2	3	4	5	2	6	7	2	6	4	8	9	10	1	10
2	14672060	14673026	1	1	2	3	4	5	2	6	7	8	9	4	10	11	12	1	12
2	14673026	14678561	1	1	2	3	4	5	2	6	7	8	9	4	10	11	12	13	13
2	14678561	14688427	1	1	2	3	4	5	2	6	7	8	9	10	11	12	13	14	14
2	14688427	14905389	1	1	2	3	4	5	6	7	8	9	10	11	12	13	14	15	15
2	14905389	15086738	1	1	2	3	4	5	6	7	8	9	10	11	9	12	13	14	14
2	15086738	15096769	1	1	2	3	4	5	6	7	8	9	10	11	9	12	13	4	13
2	15096769	15135047	1	1	2	3	4	5	6	7	8	8	9	10	8	11	12	4	12
2	15135047	15221078	1	1	2	3	4	5	6	7	2	2	4	8	2	9	10	4	10
2	15221078	15321239	1	1	2	3	4	5	6	7	2	2	4	8	9	10	11	4	11
2	15321239	15419127	1	1	2	3	4	5	6	7	2	8	4	9	10	11	12	4	12
2	15419127	15434002	1	1	2	3	4	5	6	7	2	8	9	10	11	12	13	4	13
2	15434002	15438434	1	1	2	3	4	5	6	7	8	9	10	11	12	13	14	4	14
2	15438434	15450071	1	1	2	3	4	5	6	7	8	9	10	11	12	13	9	4	13
2	15450071	15539194	1	1	2	3	4	5	6	7	8	9	10	11	12	5	9	4	12
2	15539194	15883387	1	1	2	3	4	5	6	7	8	9	10	11	12	5	9	13	13
2	15883387	16310384	1	1	2	3	4	5	6	7	8	9	10	11	12	5	13	14	14
2	16310384	16418847	1	1	2	3	4	5	6	7	8	9	10	11	12	13	14	15	15
2	16418847	16445734	1	1	2	3	4	5	6	5	7	8	9	10	11	12	13	14	14
2	16445734	16462181	1	1	2	3	4	5	3	5	6	7	8	9	10	11	12	13	13
2	16462181	16548804	1	1	2	3	4	5	3	5	3	6	7	8	9	10	11	12	12
2	16548804	16644885	1	1	2	3	4	5	3	5	3	6	7	8	9	10	2	11	11
2	16644885	16657049	1	1	2	3	4	5	3	5	6	7	8	9	10	11	2	12	12
2	16657049	17054104	1	1	2	3	4	5	6	5	7	8	9	10	11	12	2	13	13
2	17054104	17063698	1	1	2	3	4	5	6	7	8	9	10	11	12	13	2	14	14
2	17063698	17072203	1	1	2	3	4	5	6	7	8	9	10	11	12	13	14	15	15
2	17072203	17245929	1	1	2	3	4	5	6	7	8	9	10	11	3	12	6	13	13
2	17245929	17339773	1	1	2	3	4	5	6	7	8	9	3	10	3	11	6	12	12
2	17339773	17554657	1	1	2	3	4	5	6	7	8	9	3	10	3	11	12	13	13
2	17554657	17744879	1	1	2	3	3	4	5	6	7	8	3	9	3	10	11	12	12
2	17744879	17995936	1	1	2	3	4	5	6	7	8	9	4	10	4	11	12	13	13
2	17995936	18035692	1	1	2	3	4	5	6	7	8	9	4	10	4	11	6	12	12
2	18035692	18094314	1	1	2	3	4	5	6	7	8	9	10	11	4	12	6	13	13
2	18094314	18309967	1	1	2	3	4	5	6	7	8	9	10	11	12	13	6	14	14
2	18309967	18449282	1	1	2	3	4	5	6	7	6	8	9	10	11	12	6	13	13
2	18449282	18571454	1	1	2	3	4	5	6	7	6	8	9	10	5	11	6	12	12
2	18571454	18799829	1	1	2	3	4	5	2	6	2	7	8	9	5	10	2	11	11
2	18799829	18802347	1	1	2	3	4	5	2	6	2	7	8	9	10	11	2	12	12
2	18802347	18897271	1	1	2	3	4	5	2	6	2	7	8	9	10	11	12	13	13
2	18897271	19015221	1	1	2	1	3	4	5	6	5	7	8	9	10	11	12	13	13
2	19015221	19080531	1	1	2	1	3	4	5	6	7	8	9	10	11	12	13	14	14
2	19080531	19213370	1	1	2	1	3	4	4	5	6	7	8	9	10	11	12	13	13
2	19213370	19255736	1	1	2	1	3	2	2	4	5	6	7	8	9	10	11	12	12
2	19255736	19340975	1	1	2	3	4	2	2	5	6	7	8	9	10	11	12	13	13
2	19340975	19414954	1	2	3	4	5	3	3	6	7	8	9	10	11	12	13	14	14
2	19414954	19451633	1	2	3	4	5	6	3	7	8	9	10	11	12	13	14	15	15
2	19451633	19503804	1	2	3	4	5	6	7	8	9	10	11	12	13	14	15	16	16
2	19503804	19547303	1	2	3	4	5	6	7	8	9	10	11	12	13	13	14	15	15
2	19547303	19700048	1	2	3	4	5	1	6	7	8	9	10	11	12	12	13	14	14
2	19700048	19812277	1	2	3	4	5	1	6	7	8	5	9	10	11	11	12	7	12
2	19812277	20142916	1	2	3	4	5	1	3	6	7	5	8	9	10	10	11	6	11
2	20142916	20386177	1	2	3	4	5	1	3	6	7	8	9	10	11	11	12	6	12
2	20386177	20398411	1	2	3	4	5	6	3	7	8	9	10	11	12	12	13	7	13
2	20398411	20710820	1	2	3	4	5	6	3	7	8	9	10	11	12	13	14	7	14
2	20710820	20713069	1	2	3	4	4	5	3	6	7	8	9	10	11	12	13	6	13
2	20713069	20733839	1	2	3	4	4	5	3	6	6	7	8	9	10	11	12	6	12
2	20733839	20878852	1	2	3	4	4	5	3	6	6	7	8	9	10	4	11	6	11
2	20878852	21294387	1	2	3	4	4	5	3	6	6	7	8	9	10	4	5	6	10
2	21294387	21311521	1	2	3	4	4	5	3	6	6	7	8	9	10	11	5	6	11
2	21311521	21316490	1	2	3	4	5	6	3	7	8	9	10	11	12	13	14	7	14
2	21316490	21384383	1	2	3	4	5	6	7	8	9	10	11	12	13	14	15	8	15
2	21384383	21393868	1	2	3	4	5	6	7	8	9	3	10	11	12	13	14	8	14
2	21393868	21645818	1	2	3	4	5	6	7	8	9	3	10	11	6	12	13	8	13
2	21645818	21681733	1	2	3	4	5	6	7	8	9	10	11	12	6	13	14	8	14
2	21681733	21855173	1	2	3	4	5	1	6	7	8	9	10	11	1	12	13	7	13
2	21855173	21957046	1	2	3	4	5	1	6	7	8	9	10	11	12	13	14	7	14
2	21957046	22036457	1	2	3	4	5	1	6	7	8	9	10	11	12	13	12	7	13
2	22036457	22116449	1	2	3	4	5	1	6	7	3	8	9	10	11	12	11	7	12
2	22116449	22117075	1	2	3	4	5	1	6	7	3	8	9	10	11	12	11	13	13
2	22117075	22244941	1	2	3	4	5	1	6	7	3	8	9	10	11	12	11	7	12
2	22244941	22253905	1	2	3	2	4	1	5	6	3	7	8	9	10	11	10	6	11
2	22253905	22322889	1	1	2	1	3	1	4	5	2	6	7	8	9	10	9	5	10
2	22322889	22570784	1	1	2	1	3	4	5	6	2	7	8	9	10	11	10	6	11
2	22570784	22579853	1	1	2	1	3	4	5	6	7	8	9	10	11	12	11	6	12
2	22579853	22588028	1	1	2	1	3	4	4	5	6	7	8	9	10	11	10	5	11
2	22588028	22825176	1	1	2	1	3	4	4	5	6	7	8	9	8	10	8	5	10
2	22825176	22945673	1	1	2	1	3	4	5	6	7	8	9	10	9	11	9	6	11
2	22945673	22968882	1	1	2	1	3	4	5	6	7	8	9	10	11	12	11	6	12
2	22968882	22970888	1	2	3	1	2	4	5	6	7	8	9	10	11	12	11	6	12
2	22970888	22974988	1	2	3	1	2	4	5	6	7	8	9	10	4	11	4	6	11
2	22974988	23018461	1	2	3	4	2	5	6	7	8	9	10	11	5	12	5	7	12
2	23018461	23095221	1	2	3	4	2	5	6	7	8	9	10	11	5	12	13	7	13
2	23095221	23109737	1	2	3	4	2	5	6	7	8	9	10	11	5	12	13	14	14
2	23109737	23110928	1	2	3	4	2	5	6	7	8	9	10	11	5	12	13	7	13
2	23110928	23366222	1	2	3	4	2	5	6	7	8	9	10	11	5	12	2	7	12
2	23366222	23399845	1	2	3	4	2	5	6	7	8	9	3	10	5	11	2	7	11
2	23399845	23486166	1	2	3	4	2	5	6	7	8	9	3	10	5	4	2	7	10
2	23486166	23562565	1	2	3	4	2	5	6	7	6	8	3	9	5	4	2	7	9
2	23562565	23591333	1	2	3	4	2	5	6	7	6	8	3	9	10	4	2	7	10
2	23591333	23667677	1	2	3	4	2	5	6	7	6	8	3	9	10	4	2	11	11
2	23667677	23897546	1	2	3	4	2	5	6	7	6	8	3	9	10	4	2	7	10
2	23897546	23925023	1	2	3	4	2	5	6	7	6	8	9	10	11	4	12	7	12
2	23925023	23946760	1	2	3	4	2	5	6	7	8	9	10	11	12	4	13	7	13
2	23946760	23999255	1	2	3	4	2	5	6	7	8	9	10	11	12	4	2	7	12
2	23999255	24145330	1	2	3	4	2	5	6	7	8	9	10	11	12	13	2	7	13
2	24145330	24271533	1	2	3	4	5	6	7	8	9	10	11	12	13	14	5	8	14
2	24271533	24291975	1	2	3	4	5	6	7	8	9	10	3	11	12	13	5	8	13
2	24291975	24298043	1	2	3	4	5	2	6	7	8	9	3	10	11	12	5	7	12
2	24298043	24298331	1	2	3	4	5	2	6	7	8	9	3	10	11	12	5	13	13
2	24298331	24425273	1	2	3	4	5	2	6	7	8	9	3	10	11	12	5	7	12
2	24425273	24430347	1	2	1	3	4	2	5	6	7	8	1	9	10	11	4	6	11
2	24430347	24852795	1	2	1	3	4	2	5	6	7	8	1	9	10	11	12	6	12
2	24852795	24957936	1	2	1	3	4	2	5	6	7	8	1	9	10	11	12	13	13
2	24957936	25008100	1	2	1	3	4	5	6	7	8	9	1	10	11	12	13	14	14
2	25008100	25011470	1	2	3	4	5	6	7	8	9	10	1	11	12	13	14	15	15
2	25011470	25172098	1	2	3	4	5	6	7	1	8	9	10	11	12	13	14	15	15
2	25172098	25178975	1	2	3	4	5	6	7	1	8	9	10	11	10	12	13	14	14
2	25178975	25184624	1	2	3	4	2	5	6	1	7	8	9	10	9	11	12	13	13
2	25184624	25323882	1	1	2	3	1	4	5	1	6	7	8	9	8	10	11	12	12
2	25323882	25543299	1	1	2	3	1	4	5	6	7	8	9	10	9	11	12	13	13
2	25543299	25674477	1	1	2	3	1	4	5	6	7	8	9	10	11	12	13	14	14
2	25674477	26043567	1	1	2	3	1	4	5	6	7	8	9	10	11	12	4	13	13
2	26043567	26044673	1	1	2	3	1	4	5	6	7	8	9	10	11	7	4	12	12
2	26044673	26120604	1	2	3	4	1	5	6	7	8	9	10	11	12	8	5	13	13
2	26120604	26126661	1	2	3	4	1	5	6	7	8	9	10	11	12	8	13	14	14
2	26126661	26147913	1	2	3	4	1	5	6	7	8	9	10	11	12	8	13	13	13
2	26147913	26176804	1	2	3	4	1	5	6	7	8	9	10	11	12	8	12	12	12
2	26176804	26199144	1	2	3	4	1	3	5	6	7	8	9	10	11	7	11	11	11
2	26199144	27121966	1	2	3	4	1	3	5	5	6	7	8	9	10	6	10	10	10
2	27121966	27149526	1	2	3	4	1	3	5	5	5	6	7	8	9	5	9	9	9
2	27149526	27608708	1	2	3	4	5	3	6	6	6	7	8	9	10	6	10	10	10
2	27608708	27868409	1	2	3	1	4	3	5	5	5	6	7	8	9	5	9	9	9
2	27868409	27992654	1	2	3	1	4	3	5	6	6	7	8	9	10	6	10	10	10
2	27992654	28084764	1	2	3	1	4	3	5	6	6	7	8	9	10	11	10	10	11
2	28084764	28088953	1	2	2	1	3	2	4	5	5	6	7	8	9	10	9	9	10
2	28088953	28091266	1	2	2	1	3	2	4	5	6	7	8	9	10	11	10	10	11
2	28091266	28155099	1	2	3	1	4	2	5	6	7	8	9	10	11	12	11	11	12
2	28155099	28311177	1	2	3	4	5	2	6	7	8	9	10	11	12	13	12	12	13
2	28311177	28352548	1	2	3	4	5	2	6	7	8	9	10	11	12	13	12	14	14
2	28352548	28500974	1	2	3	4	5	2	6	7	8	9	10	11	7	12	7	13	13
2	28500974	28882622	1	2	3	4	5	2	6	7	8	9	7	10	7	11	7	12	12
2	28882622	29024829	1	2	3	4	5	6	7	8	9	10	8	11	8	12	8	13	13
2	29024829	29174274	1	2	3	2	4	5	6	7	8	9	7	10	7	11	7	12	12
2	29174274	29177706	1	2	3	2	4	5	6	7	8	9	10	11	7	12	7	13	13
2	29177706	29216344	1	2	3	2	4	5	6	7	8	9	10	11	12	13	12	14	14
2	29216344	29359872	1	2	3	2	4	5	6	7	8	9	10	11	7	12	7	13	13
2	29359872	29441390	1	2	3	2	4	5	6	7	8	9	10	11	12	13	7	14	14
2	29441390	29545925	1	2	3	2	4	5	6	7	8	9	10	11	12	13	7	2	13
2	29545925	29564109	1	2	3	2	4	5	6	7	8	9	10	11	12	13	14	2	14
2	29564109	29629709	1	2	3	2	4	5	6	7	8	9	10	9	11	12	13	2	13
2	29629709	29991449	1	2	3	4	5	6	7	8	9	10	11	10	12	13	14	4	14
2	29991449	29993207	1	2	3	4	5	6	7	8	9	10	11	10	12	13	14	15	15
2	29993207	30050680	1	2	3	4	5	6	7	8	9	10	11	10	12	13	14	6	14
2	30050680	30056160	1	2	3	4	5	6	7	8	9	10	11	12	13	14	15	6	15
2	30056160	30058500	1	2	3	4	5	6	7	8	9	10	11	12	8	13	14	6	14
2	30058500	30126719	1	2	3	4	5	6	7	8	9	10	11	12	8	13	6	6	13
2	30126719	30387887	1	2	3	4	5	4	6	7	8	9	10	11	7	12	4	4	12
2	30387887	30460157	1	2	3	4	5	4	6	7	8	9	10	11	12	13	4	4	13
2	30460157	30533734	1	2	3	2	4	2	5	6	7	8	9	10	11	12	2	2	12
2	30533734	30537288	1	2	3	2	4	2	5	6	7	8	9	10	11	12	13	2	13
2	30537288	30570701	1	2	3	4	5	2	6	7	8	9	10	11	12	13	14	2	14
2	30570701	30670816	1	2	3	4	5	2	6	7	8	9	10	11	12	13	6	2	13
2	30670816	30672269	1	2	3	4	5	2	6	7	8	9	10	11	12	13	6	14	14
2	30672269	30709696	1	2	3	4	5	2	6	7	8	9	10	11	12	13	6	12	13
2	30709696	30968826	1	2	3	4	5	2	6	7	8	9	10	11	7	12	6	7	12
2	30968826	31115729	1	2	3	4	5	2	6	7	8	9	10	11	7	12	13	7	13
2	31115729	31116073	1	2	3	4	5	2	6	7	8	9	10	11	12	13	14	7	14
2	31116073	31126934	1	2	3	4	5	2	6	7	8	9	10	11	12	13	14	15	15
2	31126934	32473514	1	2	3	4	5	6	7	8	9	10	11	12	13	14	15	16	16
2	32473514	32498679	1	2	3	4	5	6	7	8	9	10	11	12	13	14	11	15	15
2	32498679	32787792	1	2	3	4	1	5	6	7	8	9	10	11	12	13	10	14	14
2	32787792	33436926	1	2	3	4	1	5	6	7	8	9	10	11	5	12	10	13	13
2	33436926	33446682	1	2	3	4	1	5	6	7	8	9	10	11	5	12	13	14	14
2	33446682	34079870	1	2	3	4	1	5	6	7	8	9	10	11	12	13	14	15	15
2	34079870	34887860	1	2	3	4	1	5	6	7	8	9	10	11	12	10	13	14	14
2	34887860	34892426	1	2	3	4	1	5	6	7	8	9	10	11	12	13	14	15	15
2	34892426	35248135	1	2	3	4	1	5	6	7	8	9	2	10	11	12	13	14	14
2	35248135	35310033	1	2	3	4	5	6	7	8	9	10	2	11	12	13	14	15	15
2	35310033	35424607	1	2	3	4	5	4	6	7	8	9	2	10	11	12	13	14	14
2	35424607	36250937	1	2	3	4	5	4	6	7	8	9	2	10	11	7	12	13	13
2	36250937	36298768	1	2	3	4	5	6	7	8	9	10	2	11	12	8	13	14	14
2	36298768	36790642	1	2	3	4	5	4	6	7	8	9	2	10	11	7	12	13	13
2	36790642	36848592	1	2	3	4	5	4	6	7	8	9	2	10	11	12	13	14	14
2	36848592	36859174	1	2	3	4	5	4	6	7	8	9	10	11	12	13	14	15	15
2	36859174	37742501	1	2	3	4	5	4	6	7	8	9	10	11	2	12	13	14	14
2	37742501	37811544	1	2	3	4	5	4	6	7	8	9	10	11	12	13	14	15	15
2	37811544	37818032	1	2	3	4	5	4	6	7	8	9	10	11	12	2	13	14	14
2	37818032	37820513	1	2	3	4	5	4	6	7	8	9	10	11	2	2	12	13	13
2	37820513	38328698	1	2	3	4	5	4	6	7	8	9	3	10	2	2	11	12	12
2	38328698	38344028	1	2	3	4	5	4	6	7	8	9	10	11	2	2	12	13	13
2	38344028	38351807	1	2	3	4	5	6	7	8	9	10	11	12	2	2	13	14	14
2	38351807	38447917	1	2	3	4	5	6	7	8	9	10	11	12	13	2	14	15	15
2	38447917	38449640	1	2	3	4	5	6	6	7	8	9	10	11	12	2	13	14	14
2	38449640	38686922	1	2	3	4	5	6	6	7	8	9	10	11	12	13	14	15	15
2	38686922	38690316	1	2	3	4	5	6	6	7	8	9	10	11	12	13	10	14	14
2	38690316	38960416	1	2	3	4	5	6	6	7	8	9	10	11	12	13	10	13	13
2	38960416	39372674	1	2	3	4	5	6	6	6	7	8	9	10	11	12	9	12	12
2	39372674	39373002	1	2	3	4	5	6	6	6	7	8	9	10	11	12	13	12	13
2	39373002	39389548	1	2	3	4	5	6	6	6	7	8	5	9	10	11	12	11	12
2	39389548	39498651	1	2	3	4	5	6	7	7	8	9	5	10	11	12	13	12	13
2	39498651	39667247	1	2	3	4	5	6	7	7	8	9	5	10	11	10	12	10	12
2	39667247	39700112	1	2	3	4	5	6	7	7	8	9	5	10	11	10	12	13	13
2	39700112	39700363	1	2	3	4	5	6	7	7	8	9	5	10	11	10	9	12	12
2	39700363	39888620	1	2	3	4	5	6	7	8	9	10	5	11	12	11	10	13	13
2	39888620	40115808	1	2	3	4	5	6	7	8	9	10	5	11	12	11	10	10	12
2	40115808	40116168	1	2	3	4	5	6	7	8	9	10	11	12	13	12	10	10	13
2	40116168	40368096	1	2	3	4	5	6	7	8	9	10	4	11	12	11	10	10	12
2	40368096	40565463	1	2	3	4	5	6	7	8	9	10	4	11	12	11	13	10	13
2	40565463	40567834	1	2	3	4	5	6	7	8	9	10	4	11	12	11	13	14	14
2	40567834	41270631	1	2	3	4	5	6	7	8	9	10	4	11	12	13	14	15	15
2	41270631	41780750	1	2	3	4	5	6	7	8	9	10	11	12	13	14	15	16	16
2	41780750	42711387	1	2	3	4	5	6	7	8	9	2	10	11	12	13	14	15	15
2	42711387	43584868	1	2	3	4	5	6	7	8	9	10	11	12	13	14	15	16	16
2	43584868	43701504	1	2	3	4	5	6	7	8	9	10	11	12	13	9	14	15	15
2	43701504	44529208	1	2	3	4	5	6	7	8	9	10	1	11	12	9	13	14	14
2	44529208	45425650	1	2	3	4	5	6	7	8	9	10	1	11	12	13	14	15	15
2	45425650	46298031	1	2	3	4	5	6	7	8	9	10	11	12	13	14	15	16	16
2	46298031	48066690	1	2	3	4	5	6	7	8	9	10	11	12	13	14	7	15	15
2	48066690	48068006	1	2	3	4	5	6	7	8	9	10	5	11	12	13	7	14	14
2	48068006	48802563	1	2	3	4	5	6	7	8	9	10	5	11	1	12	7	13	13
2	48802563	49255710	1	2	3	4	5	6	7	8	9	10	5	11	1	12	13	14	14
2	49255710	49528327	1	1	2	3	4	5	6	7	8	9	4	10	1	11	12	13	13
2	49528327	49595435	1	1	2	3	4	5	6	7	8	9	10	11	1	12	13	14	14
2	49595435	49704684	1	1	2	3	4	5	6	7	8	9	3	10	1	11	12	13	13
2	49704684	49887188	1	1	2	3	4	5	6	7	8	9	3	10	1	11	6	12	12
2	49887188	50475511	1	1	2	3	4	5	6	7	8	2	3	9	1	10	6	11	11
2	50475511	50480719	1	2	3	4	5	6	7	8	9	3	4	10	1	11	7	12	12
2	50480719	51981329	1	2	3	4	5	6	7	8	9	10	11	12	1	13	7	14	14
2	51981329	53853574	1	2	3	4	4	5	6	7	8	9	10	11	1	12	6	13	13
2	53853574	54342672	1	2	3	4	5	6	7	8	9	10	11	12	1	13	7	14	14
2	54342672	56993045	1	2	3	4	5	6	7	8	9	10	11	12	13	14	7	15	15
2	56993045	58345637	1	2	3	4	5	6	7	8	9	10	11	12	1	13	7	14	14
2	58345637	58353228	1	2	3	4	5	6	7	8	9	10	11	12	1	13	14	15	15
2	58353228	60280163	1	2	3	4	5	6	7	8	9	10	11	12	1	13	7	14	14
2	60280163	60451884	1	2	3	1	4	5	6	7	8	9	10	11	1	12	6	13	13
2	60451884	61690778	1	2	3	1	4	5	6	7	8	9	10	11	12	13	6	14	14
2	61690778	61781515	1	2	3	1	4	5	6	7	8	9	10	11	12	13	14	15	15
2	61781515	62264897	1	2	3	1	4	5	6	7	8	9	10	11	12	13	6	14	14
2	62264897	62538844	1	2	3	4	5	6	7	8	9	10	11	12	13	14	7	15	15
2	62538844	63433109	1	2	3	4	5	6	7	8	9	10	11	12	13	7	7	14	14
2	63433109	63439334	1	2	3	4	5	6	7	8	9	10	11	12	13	14	7	15	15
2	63439334	63602908	1	2	3	4	5	6	7	8	9	10	11	12	13	3	7	14	14
2	63602908	63644257	1	2	3	4	5	6	7	8	9	7	10	11	12	3	7	13	13
2	63644257	63724650	1	2	3	4	5	1	6	7	8	6	9	10	11	3	6	12	12
2	63724650	64526780	1	2	3	4	5	1	2	6	7	2	8	9	10	3	2	11	11
2	64526780	65311875	1	2	3	4	5	1	2	6	7	8	9	10	11	3	2	12	12
2	65311875	65750004	1	2	3	4	5	1	6	7	8	9	10	11	12	13	6	14	14
2	65750004	68050882	1	2	3	4	5	6	7	8	9	10	11	12	13	14	7	15	15
2	68050882	68067040	1	2	3	4	5	6	7	8	9	10	11	12	13	14	15	16	16
2	68067040	74927661	1	2	3	4	5	6	7	8	9	10	11	12	13	14	7	15	15
2	74927661	76506587	1	2	3	4	5	6	7	8	9	10	11	12	13	14	7	8	14
2	76506587	84629932	1	2	3	4	5	6	7	8	9	10	11	12	13	14	15	8	15
2	84629932	116697507	1	2	3	4	5	6	7	8	9	10	11	12	13	14	15	16	16
2	116697507	117279650	1	2	3	4	5	6	7	8	9	10	8	11	12	13	14	15	15
2	117279650	120607467	1	2	3	4	5	6	7	5	8	9	5	10	11	12	13	14	14
2	120607467	124387247	1	2	3	4	5	6	7	5	8	9	5	10	11	12	7	13	13
2	124387247	124950313	1	2	3	4	5	6	7	8	9	10	5	11	12	13	7	14	14
2	124950313	132044520	1	2	3	4	5	6	7	8	9	10	11	12	13	14	7	15	15
2	132044520	133976140	1	2	3	4	5	6	7	8	9	10	11	12	13	7	7	14	14
2	133976140	135687884	1	2	3	4	5	6	7	8	9	10	11	12	2	7	7	13	13
2	135687884	136956984	1	2	3	4	5	6	7	8	9	10	11	12	2	13	13	14	14
2	136956984	137325529	1	2	3	4	5	6	7	8	9	10	11	12	13	14	14	15	15
2	137325529	137329958	1	2	3	4	5	6	7	8	9	10	11	12	13	14	15	16	16
2	137329958	140922470	1	2	3	4	5	6	7	8	9	10	1	11	12	13	14	15	15
2	140922470	140979058	1	2	3	4	5	6	7	8	9	10	11	12	13	14	15	16	16
2	140979058	141064705	1	2	3	4	5	6	7	8	9	2	10	11	12	13	14	15	15
2	141064705	141129226	1	2	3	4	5	5	6	7	8	2	9	10	11	12	13	14	14
2	141129226	144971841	1	2	3	4	5	5	6	1	7	2	8	9	10	11	12	13	13
2	144971841	145372496	1	2	3	4	5	6	7	1	8	2	9	10	11	12	13	14	14
2	145372496	145455451	1	2	3	4	5	6	7	1	8	9	10	11	12	13	14	15	15
2	145455451	145563061	1	2	3	4	5	6	7	8	9	10	11	12	13	14	15	16	16
2	145563061	147964161	1	2	3	4	5	6	7	8	9	10	11	9	12	13	14	15	15
2	147964161	149434553	1	2	3	4	5	6	7	8	9	10	11	12	13	14	15	16	16
2	149434553	150597291	1	2	3	4	5	5	6	7	8	9	10	11	12	13	14	15	15
2	150597291	150640498	1	2	3	3	4	4	5	6	7	8	9	10	11	12	13	14	14
2	150640498	150989479	1	2	3	3	4	4	5	6	7	8	9	10	11	12	8	13	13
2	150989479	153241515	1	2	3	3	3	3	4	5	6	7	8	9	10	11	7	12	12
2	153241515	153300813	1	2	3	4	3	3	5	6	7	8	9	10	11	12	8	13	13
2	153300813	153458048	1	2	3	4	3	5	6	7	8	9	10	11	12	13	9	14	14
2	153458048	153479191	1	2	3	4	3	5	6	7	8	9	10	11	12	13	14	15	15
2	153479191	155229337	1	2	3	4	5	6	7	8	9	10	11	12	13	14	15	16	16
2	155229337	155632728	1	2	3	4	4	5	6	7	8	9	10	11	12	13	14	15	15
2	155632728	156441927	1	2	3	3	3	4	5	6	7	8	9	10	11	12	13	14	14
2	156441927	157224401	1	2	3	3	3	4	5	6	7	8	9	8	10	11	12	13	13
2	157224401	157621028	1	2	3	3	3	4	5	6	7	7	8	7	9	10	11	12	12
2	157621028	157621646	1	2	3	4	3	5	6	7	8	8	9	8	10	11	12	13	13
2	157621646	157733073	1	2	3	3	3	4	5	6	7	7	8	7	9	10	11	12	12
2	157733073	157738467	1	2	3	4	4	5	6	7	8	8	9	8	10	11	12	13	13
2	157738467	158276294	1	2	3	4	4	5	6	7	8	9	10	8	11	12	13	14	14
2	158276294	162113136	1	2	3	4	4	5	6	7	8	9	10	11	12	13	14	15	15
2	162113136	162121873	1	2	3	4	5	6	7	8	9	10	11	12	13	14	15	16	16
2	162121873	163721438	1	2	3	4	4	5	6	7	8	9	10	11	12	13	14	15	15
2	163721438	165636440	1	2	3	4	4	3	5	6	7	8	9	10	11	12	13	14	14
2	165636440	165786230	1	2	3	4	4	3	5	6	7	8	9	10	9	11	5	12	12
2	165786230	165941073	1	2	3	4	4	3	5	6	7	8	9	10	9	11	5	1	11
2	165941073	168107985	1	2	3	4	4	3	5	6	7	8	9	10	9	8	5	1	10
2	168107985	168110293	1	2	3	4	4	5	6	7	8	9	10	11	10	9	6	1	11
2	168110293	168110586	1	2	3	4	4	5	6	7	8	9	10	11	10	12	6	13	13
2	168110586	168503358	1	2	3	4	4	5	6	7	8	9	10	11	10	12	13	14	14
2	168503358	168521109	1	2	3	4	4	5	6	7	8	9	2	10	2	11	12	13	13
2	168521109	169105781	1	2	3	4	4	5	6	7	8	9	10	11	2	12	13	14	14
2	169105781	171117158	1	2	3	4	4	3	5	6	7	8	9	10	2	11	12	13	13
2	171117158	172074105	1	2	3	4	4	3	5	6	7	8	9	5	2	10	11	12	12
2	172074105	172160393	1	2	3	4	4	5	6	7	8	9	10	6	2	11	12	13	13
2	172160393	173699049	1	2	3	4	4	5	6	7	8	9	10	6	11	12	13	14	14
2	173699049	174134870	1	2	3	4	4	5	6	7	8	9	10	11	12	13	14	15	15
2	174134870	174405764	1	2	3	4	4	5	6	7	8	9	10	11	12	8	13	14	14
2	174405764	174496212	1	2	3	4	5	6	7	8	9	10	11	12	13	9	14	15	15
2	174496212	176332493	1	2	3	4	4	5	6	7	8	9	10	11	12	8	13	14	14
2	176332493	176648867	1	2	3	4	4	5	6	7	8	9	10	11	12	13	14	15	15
2	176648867	178339652	1	2	3	4	4	5	6	2	7	8	9	10	11	12	13	14	14
2	178339652	178367666	1	2	3	4	5	6	7	2	8	9	10	11	12	13	14	15	15
2	178367666	178622772	1	2	3	4	4	5	6	2	7	8	9	10	11	12	13	14	14
2	178622772	179168284	1	2	3	4	4	5	6	2	7	8	9	10	11	12	13	6	13
2	179168284	179321987	1	2	3	4	4	5	6	2	7	5	8	9	10	11	12	6	12
2	179321987	179446920	1	2	3	4	4	5	6	2	7	5	5	8	9	10	11	6	11
2	179446920	179448020	1	2	3	4	4	5	6	7	8	5	5	9	10	11	12	6	12
2	179448020	179999071	1	2	3	4	4	5	6	7	8	5	5	9	10	11	12	13	13
2	179999071	180545004	1	2	3	4	4	5	6	7	8	9	5	10	11	12	13	14	14
2	180545004	181104099	1	2	3	4	4	5	6	7	8	9	10	11	12	13	14	15	15
2	181104099	181141955	1	2	3	4	5	6	7	8	9	10	11	12	13	14	15	16	16
2	181141955	181233661	1	2	3	4	4	3	5	6	7	8	9	10	11	12	13	14	14
2	181233661	182288213	1	2	3	4	4	3	5	6	7	8	9	10	11	12	5	13	13
2	182288213	182622335	1	2	3	4	4	3	5	6	7	8	9	10	11	12	13	14	14
2	182622335	183136531	1	2	3	4	4	3	5	6	7	8	9	10	11	7	12	13	13
2	183136531	183275103	1	2	3	4	4	3	5	6	7	8	9	10	11	12	13	14	14
2	183275103	183448527	1	2	3	4	4	5	6	7	8	9	10	11	12	13	14	15	15
2	183448527	183566155	1	2	3	4	4	5	6	7	8	9	10	11	5	12	13	14	14
2	183566155	183812433	1	2	3	4	5	6	7	8	9	10	11	12	6	13	14	15	15
2	183812433	184413525	1	2	3	4	5	6	7	8	9	10	11	12	6	13	1	14	14
2	184413525	184961484	1	2	3	4	5	6	7	8	9	10	11	12	6	13	14	15	15
2	184961484	185251163	1	2	3	2	4	5	6	7	8	9	10	11	5	12	13	14	14
2	185251163	185428607	1	2	3	2	4	5	6	7	8	9	10	8	5	11	12	13	13
2	185428607	185583678	1	2	3	2	4	5	6	7	8	9	10	8	11	12	13	14	14
2	185583678	186048315	1	2	3	4	5	6	7	8	9	10	11	9	12	13	14	15	15
2	186048315	186595368	1	2	3	4	5	6	7	8	9	10	11	9	3	12	13	14	14
2	186595368	187015686	1	2	3	4	5	6	7	8	9	10	11	12	3	13	14	15	15
2	187015686	187143057	1	2	3	4	5	6	7	8	9	10	11	12	13	14	15	16	16
2	187143057	187838058	1	2	3	4	5	1	6	7	8	9	10	11	12	13	14	15	15
2	187838058	189389334	1	2	3	4	5	6	7	8	9	10	11	12	13	14	15	16	16
2	189389334	189872477	1	2	3	4	5	6	7	8	3	9	10	11	12	13	14	15	15
2	189872477	190552068	1	2	3	4	5	6	7	8	3	9	10	11	10	12	13	14	14
2	190552068	190606892	1	2	3	4	5	6	7	8	3	9	10	11	12	13	14	15	15
2	190606892	190611662	1	2	3	4	5	6	7	8	9	10	11	12	13	14	15	16	16
2	190611662	190810693	1	2	3	4	5	6	7	8	9	10	11	12	13	6	14	15	15
2	190810693	190967745	1	2	3	4	5	6	7	8	9	4	10	11	12	6	13	14	14
2	190967745	191022428	1	2	3	4	5	6	7	8	9	4	10	11	12	13	14	15	15
2	191022428	191163403	1	2	3	2	4	5	6	7	8	2	9	10	11	12	13	14	14
2	191163403	191273887	1	2	3	2	4	5	6	7	8	9	10	11	12	13	14	15	15
2	191273887	191305335	1	2	3	2	4	5	6	7	8	9	10	11	12	13	14	7	14
2	191305335	192378194	1	2	3	4	5	6	7	8	9	10	11	12	13	14	15	8	15
2	192378194	192541997	1	2	3	4	5	6	7	2	8	9	10	11	12	13	14	2	14
2	192541997	192643771	1	2	3	4	5	6	7	2	8	9	10	11	12	13	1	2	13
2	192643771	192690523	1	2	3	4	5	6	7	2	8	9	10	11	12	13	1	14	14
2	192690523	193093559	1	2	3	4	5	6	7	8	9	10	11	12	13	14	1	15	15
2	193093559	193259120	1	2	3	4	5	6	7	8	9	10	11	12	13	14	15	16	16
2	193259120	193309467	1	2	3	4	1	5	6	7	8	9	10	11	12	13	14	15	15
2	193309467	193311249	1	2	3	4	1	5	6	7	8	9	10	11	1	12	13	14	14
2	193311249	193311983	1	2	3	4	1	5	6	5	7	8	9	10	1	11	12	13	13
2	193311983	193502834	1	2	3	4	1	5	6	5	7	3	8	9	1	10	11	12	12
2	193502834	193721872	1	2	3	4	1	5	6	5	3	3	7	8	1	9	10	11	11
2	193721872	193737241	1	2	3	4	5	6	7	6	3	3	8	9	1	10	11	12	12
2	193737241	193794320	1	2	3	4	5	6	7	8	3	3	9	10	1	11	12	13	13
2	193794320	194030515	1	2	3	4	5	6	7	8	3	3	9	10	11	12	13	14	14
2	194030515	194057681	1	2	3	4	5	6	7	8	9	9	10	11	12	13	14	15	15
2	194057681	194076275	1	2	3	4	5	6	7	8	9	10	11	12	13	14	15	16	16
2	194076275	194262665	1	2	3	4	5	6	7	8	3	9	10	11	1	12	13	14	14
2	194262665	194456626	1	2	3	4	5	6	7	8	3	3	9	10	1	11	12	13	13
2	194456626	194457281	1	2	3	4	5	6	7	8	9	9	10	11	1	12	13	14	14
2	194457281	194743106	1	2	3	4	5	6	7	8	9	9	10	11	12	13	14	15	15
2	194743106	195218842	1	2	3	4	5	6	7	8	9	10	11	12	13	14	15	16	16
2	195218842	195308585	1	2	3	4	5	6	7	8	9	9	10	11	12	13	14	15	15
2	195308585	195561365	1	1	2	3	4	5	6	7	8	8	9	10	11	12	13	14	14
2	195561365	195561853	1	1	2	3	4	5	6	7	8	8	9	10	11	12	13	11	13
2	195561853	195581368	1	1	2	3	4	5	6	7	8	8	9	2	10	11	12	10	12
2	195581368	195588687	1	1	2	3	4	5	6	7	8	9	10	2	11	12	13	11	13
2	195588687	195879782	1	1	2	3	4	5	6	7	8	9	10	2	11	12	4	11	12
2	195879782	195879953	1	1	2	3	4	5	6	7	8	9	10	11	12	13	4	12	13
2	195879953	195881294	1	1	2	3	3	4	5	6	7	8	9	10	11	12	3	11	12
2	195881294	195892537	1	1	2	3	3	3	4	5	6	7	8	9	10	11	3	10	11
2	195892537	196595946	1	1	2	3	3	3	4	5	6	7	8	9	10	7	3	10	10
2	196595946	196610829	1	2	3	4	4	4	5	6	7	8	9	10	11	8	4	11	11
2	196610829	196802265	1	2	3	4	4	4	5	6	7	8	9	10	11	12	4	11	12
2	196802265	196819565	1	2	3	4	5	5	6	7	8	9	10	11	12	13	5	12	13
2	196819565	196879651	1	2	3	4	5	6	7	8	9	10	11	12	13	14	5	13	14
2	196879651	196881346	1	2	3	4	5	6	7	8	9	10	11	12	6	13	5	6	13
2	196881346	196884593	1	2	3	4	5	6	7	8	9	10	11	12	6	13	14	6	14
2	196884593	197190403	1	2	3	4	5	6	7	8	9	10	11	12	6	6	5	6	12
2	197190403	197543975	1	2	3	4	1	5	6	7	8	9	10	11	5	5	1	5	11
2	197543975	197545305	1	2	3	4	1	5	6	7	8	9	10	11	12	12	1	5	12
2	197545305	197872962	1	2	3	4	1	5	6	7	8	9	10	11	12	13	1	5	13
2	197872962	198166820	1	2	3	4	1	5	6	7	8	9	10	11	12	13	1	14	14
2	198166820	198197177	1	2	3	4	5	6	7	8	9	10	11	12	13	14	1	15	15
2	198197177	198518623	1	2	3	4	5	6	7	8	1	9	10	11	12	13	1	14	14
2	198518623	198518796	1	2	3	4	5	6	7	8	1	9	2	10	11	12	1	13	13
2	198518796	198685708	1	2	3	4	5	6	7	1	1	8	2	9	10	11	1	12	12
2	198685708	199209983	1	2	3	4	5	5	6	1	1	7	2	8	9	10	1	11	11
2	199209983	199251008	1	2	1	3	4	4	5	1	1	6	2	7	8	9	1	10	10
2	199251008	199256006	1	2	3	4	5	5	6	1	3	7	2	8	9	10	1	11	11
2	199256006	199256288	1	2	3	4	5	5	6	1	3	7	2	8	9	10	11	12	12
2	199256288	199259805	1	2	3	4	5	5	6	1	3	7	2	8	9	10	2	11	11
2	199259805	199406713	1	2	3	4	5	5	6	7	3	8	2	9	10	11	2	12	12
2	199406713	199410618	1	2	3	4	5	5	6	7	3	8	9	10	11	12	9	13	13
2	199410618	199416269	1	2	3	4	5	5	6	7	3	8	9	10	2	11	9	12	12
2	199416269	199416288	1	2	3	4	5	5	3	6	3	7	8	9	2	10	8	11	11
2	199416288	199693260	1	2	3	4	5	6	3	7	3	8	9	10	2	11	9	12	12
2	199693260	199732892	1	2	3	4	5	6	3	7	3	8	9	10	2	11	12	13	13
2	199732892	199949425	1	2	3	4	5	6	3	7	3	8	1	9	2	10	11	12	12
2	199949425	200055151	1	2	3	4	5	6	7	8	7	9	1	10	2	11	12	13	13
2	200055151	200397415	1	2	3	4	5	6	7	8	9	10	1	11	2	12	13	14	14
2	200397415	200569468	1	2	3	4	5	6	7	8	9	10	11	12	2	13	14	15	15
2	200569468	200726542	1	2	3	4	5	2	6	7	8	9	10	11	2	10	12	13	13
2	200726542	201257221	1	2	3	4	5	2	6	7	8	9	10	11	12	10	13	14	14
2	201257221	201274979	1	2	3	4	5	6	7	8	9	10	11	12	13	14	15	16	16
2	201274979	201464777	1	2	3	4	1	5	6	7	8	9	10	11	12	13	14	15	15
2	201464777	201896615	1	2	3	4	1	5	6	7	8	9	10	11	5	12	13	14	14
2	201896615	201970832	1	2	3	4	1	5	6	7	8	9	10	8	5	11	12	13	13
2	201970832	201993725	1	2	3	4	1	5	6	7	8	9	10	8	11	12	13	14	14
2	201993725	202423521	1	2	3	2	1	4	5	6	7	8	9	7	10	11	12	13	13
2	202423521	202498558	1	2	3	2	1	4	5	6	7	8	9	10	11	12	13	14	14
2	202498558	202502852	1	2	3	2	1	4	5	1	6	7	8	9	10	11	12	13	13
2	202502852	202578580	1	2	3	2	1	4	5	1	6	7	8	3	9	10	11	12	12
2	202578580	202582706	1	2	3	2	4	5	6	1	7	8	9	3	10	11	12	13	13
2	202582706	202895362	1	2	3	4	5	6	7	1	8	9	10	3	11	12	13	14	14
2	202895362	203193287	1	2	3	4	5	6	7	1	8	9	10	11	12	13	14	15	15
2	203193287	203197159	1	2	3	4	2	5	6	1	7	8	9	10	11	12	13	14	14
2	203197159	203314778	1	2	3	4	2	5	6	7	8	9	10	11	12	13	14	15	15
2	203314778	203402462	1	2	3	4	2	5	6	5	7	8	9	10	11	12	13	14	14
2	203402462	204009031	1	2	3	4	2	5	6	5	7	8	9	10	2	11	12	13	13
2	204009031	204011168	1	2	3	4	2	5	6	7	8	9	10	11	2	12	13	14	14
2	204011168	204222729	1	2	3	4	5	6	7	8	9	10	11	12	2	13	14	15	15
2	204222729	204258250	1	2	3	4	5	6	7	8	9	10	11	12	13	14	15	16	16
2	204258250	205207860	1	2	3	4	5	6	7	8	9	10	11	12	2	13	14	15	15
2	205207860	205260104	1	2	3	4	5	6	7	8	9	10	11	12	13	14	15	16	16
2	205260104	205407902	1	2	3	4	5	6	7	8	9	10	11	12	13	14	15	13	15
2	205407902	205415232	1	2	3	4	5	6	7	8	9	10	11	12	13	14	8	13	14
2	205415232	205696522	1	2	3	4	5	6	7	8	9	10	11	7	12	13	8	12	13
2	205696522	205701917	1	2	3	4	5	6	7	5	8	9	10	7	11	12	5	11	12
2	205701917	205732780	1	2	3	4	5	6	7	5	8	9	10	7	11	12	5	13	13
2	205732780	206581271	1	2	3	4	5	6	7	5	8	9	5	7	10	11	5	12	12
2	206581271	206592399	1	2	3	4	5	6	7	8	9	10	5	7	11	12	5	13	13
2	206592399	206789094	1	2	3	4	5	6	7	8	9	10	5	7	11	12	5	11	12
2	206789094	207349785	1	2	3	4	5	6	7	8	9	10	5	7	11	12	13	11	13
2	207349785	207766005	1	2	3	4	5	6	7	8	9	10	11	7	12	13	14	12	14
2	207766005	208251001	1	2	3	4	5	6	7	8	9	10	11	7	12	13	11	12	13
2	208251001	208924870	1	2	3	4	5	6	7	8	9	10	11	7	12	13	11	14	14
2	208924870	208940461	1	2	3	4	5	6	7	8	9	9	10	7	11	12	10	13	13
2	208940461	208996243	1	2	3	4	5	6	7	8	9	9	10	7	10	11	10	12	12
2	208996243	208999580	1	2	3	4	5	6	7	8	9	9	10	11	10	12	10	13	13
2	208999580	209132936	1	2	3	4	5	6	7	8	9	9	10	11	10	12	10	4	12
2	209132936	209322060	1	2	3	4	5	6	7	8	8	8	9	10	9	11	9	4	11
2	209322060	209322307	1	2	3	4	5	6	7	8	8	8	9	10	9	11	12	4	12
2	209322307	209726920	1	2	3	4	5	6	7	8	8	8	9	10	9	11	1	4	11
2	209726920	209759354	1	2	3	4	5	6	7	8	8	8	9	10	9	11	12	4	12
2	209759354	209762541	1	2	3	4	5	6	7	8	8	9	10	11	10	12	13	4	13
2	209762541	209765671	1	2	3	4	5	6	7	8	9	10	11	12	11	13	14	4	14
2	209765671	209797386	1	2	3	4	5	6	7	8	9	10	11	12	13	14	15	4	15
2	209797386	209834399	1	2	3	4	5	6	7	8	9	10	11	12	13	14	15	16	16
2	209834399	209875839	1	2	3	4	5	6	7	8	9	10	11	3	12	13	14	15	15
2	209875839	210291156	1	2	3	4	5	6	7	8	9	10	11	3	12	13	14	6	14
2	210291156	210499283	1	2	3	4	5	6	7	8	9	10	11	12	13	14	15	6	15
2	210499283	210882259	1	2	3	4	5	6	7	8	9	10	11	12	13	14	15	16	16
2	210882259	211473375	1	2	3	4	5	6	7	8	9	10	11	12	5	13	14	15	15
2	211473375	212551955	1	2	3	4	5	6	7	8	9	10	11	12	13	14	15	16	16
2	212551955	212621353	1	2	3	4	5	4	6	7	8	9	10	11	12	13	14	15	15
2	212621353	212770990	1	1	2	3	4	3	5	6	7	8	9	10	11	12	13	14	14
2	212770990	212878191	1	1	2	3	1	3	4	5	6	7	8	9	10	11	12	13	13
2	212878191	212890034	1	1	2	3	1	3	4	5	6	7	8	9	10	11	1	12	12
2	212890034	213034060	1	1	2	3	1	3	4	5	6	7	8	9	10	11	1	8	11
2	213034060	213061141	1	1	2	3	1	4	5	6	7	8	9	10	11	12	1	9	12
2	213061141	213097975	1	1	2	3	1	3	4	5	6	7	8	9	10	11	1	8	11
2	213097975	213266404	1	1	2	3	1	3	4	5	6	7	5	8	9	10	1	5	10
2	213266404	213345266	1	1	2	3	1	3	4	5	5	6	5	7	8	9	1	5	9
2	213345266	213430559	1	1	2	3	4	3	5	6	6	7	6	8	9	10	4	6	10
2	213430559	213438753	1	1	2	3	4	3	5	6	6	7	8	9	10	11	4	6	11
2	213438753	213557426	1	1	2	3	4	3	5	6	6	7	8	9	10	11	12	6	12
2	213557426	213600907	1	1	2	3	4	5	6	7	7	8	9	8	10	11	12	7	12
2	213600907	213601500	1	1	2	3	4	5	6	7	7	4	8	4	9	10	11	7	11
2	213601500	213899922	1	1	2	3	4	5	6	7	7	4	8	4	9	10	11	12	12
2	213899922	213900108	1	1	2	3	4	5	6	7	7	8	9	4	10	11	12	13	13
2	213900108	214013328	1	1	2	3	4	5	6	7	7	8	9	10	11	12	13	14	14
2	214013328	214238520	1	1	2	3	4	5	6	7	8	9	10	11	12	13	14	15	15
2	214238520	214535788	1	1	2	3	4	5	6	7	8	9	5	10	11	12	13	14	14
2	214535788	214677511	1	2	3	4	5	6	7	8	9	10	6	11	12	13	14	15	15
2	214677511	214680812	1	2	3	4	5	6	7	8	9	10	11	12	13	14	15	16	16
2	214680812	214683603	1	2	3	4	5	6	7	8	9	10	11	12	13	14	15	6	15
2	214683603	214794620	1	2	3	4	5	6	7	8	9	10	11	12	13	14	6	6	14
2	214794620	214799076	1	2	3	4	5	6	7	8	9	10	11	12	4	13	6	6	13
2	214799076	214892162	1	2	3	4	5	6	5	7	8	9	10	11	4	12	6	6	12
2	214892162	215032121	1	2	3	2	4	5	4	6	7	8	9	10	2	11	5	5	11
2	215032121	215034080	1	2	3	2	4	5	4	6	7	8	9	10	2	11	5	12	12
2	215034080	215176710	1	2	3	2	4	5	4	6	7	8	9	10	2	11	12	13	13
2	215176710	215176873	1	2	3	4	5	6	5	7	8	9	10	11	2	12	13	14	14
2	215176873	215199642	1	2	3	4	5	6	5	1	7	8	9	10	2	11	12	13	13
2	215199642	215251478	1	2	3	4	5	2	5	1	6	7	8	9	2	10	11	12	12
2	215251478	215256547	1	2	3	4	5	2	5	1	6	7	1	8	2	9	10	11	11
2	215256547	215454372	1	2	3	4	5	2	5	1	6	7	1	8	2	9	10	1	10
2	215454372	215642079	1	2	3	4	5	2	6	1	7	8	1	9	2	10	11	1	11
2	215642079	215721647	1	2	3	4	5	2	6	7	8	9	7	10	2	11	12	7	12
2	215721647	215784587	1	2	3	4	5	2	6	7	8	9	10	11	2	12	13	10	13
2	215784587	215817833	1	2	3	4	5	6	7	8	9	10	11	12	2	13	14	11	14
2	215817833	215838963	1	2	3	4	5	6	7	8	9	9	10	11	2	12	13	10	13
2	215838963	215853110	1	2	3	4	5	6	7	8	9	9	10	11	12	13	14	10	14
2	215853110	215962828	1	2	3	4	5	6	7	8	9	9	10	11	12	13	14	15	15
2	215962828	216125485	1	2	3	4	5	6	7	8	9	9	10	11	12	2	13	14	14
2	216125485	216355363	1	2	3	4	5	6	7	8	9	10	11	12	13	2	14	15	15
2	216355363	216369024	1	2	3	4	5	6	7	8	9	10	7	11	12	2	13	14	14
2	216369024	216486867	1	2	3	4	5	6	7	8	9	7	7	10	11	2	12	13	13
2	216486867	216678414	1	2	3	4	5	6	7	8	9	7	7	10	8	2	11	12	12
2	216678414	216679231	1	2	3	4	5	6	2	7	8	2	2	9	7	2	10	11	11
2	216679231	216681394	1	2	3	4	5	6	7	8	9	7	7	10	8	7	11	12	12
2	216681394	216695300	1	2	3	4	5	6	7	8	7	7	7	9	8	7	10	11	11
2	216695300	217128702	1	2	3	4	5	6	7	8	7	7	7	9	8	7	1	10	10
2	217128702	217170122	1	2	3	4	5	6	7	8	7	7	9	10	8	7	1	11	11
2	217170122	217173899	1	2	3	4	5	6	7	8	7	7	9	10	8	11	1	12	12
2	217173899	217187870	1	2	3	4	5	6	7	8	9	7	10	11	12	13	14	15	15
2	217187870	217189258	1	2	3	4	5	6	7	8	9	7	10	11	12	5	13	14	14
2	217189258	217215984	1	2	3	4	5	6	7	8	9	10	11	12	13	5	14	15	15
2	217215984	217216545	1	2	3	4	5	6	7	8	9	5	10	11	12	5	13	14	14
2	217216545	217437660	1	2	3	4	5	6	7	8	9	5	10	11	12	5	2	13	13
2	217437660	217450502	1	2	3	4	5	6	3	7	8	5	9	10	11	5	2	12	12
2	217450502	217460939	1	2	3	4	1	5	3	6	7	1	8	9	4	1	2	10	10
2	217460939	217461072	1	1	2	3	1	3	2	4	5	1	6	7	3	1	1	8	8
2	217461072	217766494	1	1	2	3	4	3	2	5	6	1	7	8	3	1	9	10	10
2	217766494	217935213	1	1	2	3	4	3	2	5	6	7	8	9	3	1	10	11	11
2	217935213	218019458	1	1	2	3	4	3	2	5	6	7	8	9	3	1	10	4	10
2	218019458	218287066	1	1	2	3	4	3	5	6	7	8	9	10	3	1	11	4	11
2	218287066	218298008	1	1	2	3	4	5	6	7	8	9	10	11	5	1	12	4	12
2	218298008	218318146	1	1	2	3	4	5	6	7	8	9	10	11	5	1	12	13	13
2	218318146	218321773	1	1	2	3	4	5	6	7	8	9	10	11	12	1	13	14	14
2	218321773	218401421	1	2	3	4	5	6	7	8	9	10	11	12	13	1	14	15	15
2	218401421	218531235	1	2	3	4	5	6	7	8	9	10	11	12	13	14	15	16	16
2	218531235	218534088	1	2	3	4	5	6	7	8	9	10	8	11	12	13	14	15	15
2	218534088	218536028	1	2	3	4	5	6	7	8	3	9	8	10	11	12	13	14	14
2	218536028	218547977	1	2	3	4	5	6	7	8	3	9	8	10	9	11	12	13	13
2	218547977	218598733	1	2	3	4	5	2	6	7	3	8	7	9	8	10	11	1	11
2	218598733	218922168	1	2	3	4	5	2	6	7	3	8	7	9	8	5	10	1	10
2	218922168	218928097	1	2	3	4	5	2	6	7	3	8	7	9	10	5	11	12	12
2	218928097	218947528	1	2	3	4	5	2	6	7	3	8	7	9	10	5	11	1	11
2	218947528	219195890	1	2	3	4	5	2	6	7	8	9	7	10	11	12	13	1	13
2	219195890	219226241	1	2	3	4	5	2	6	7	8	9	10	11	12	13	14	1	14
2	219226241	219283038	1	2	3	4	5	6	7	8	9	10	11	12	13	14	15	1	15
2	219283038	219340804	1	2	3	4	5	6	7	8	9	10	11	12	13	14	15	16	16
2	219340804	219343904	1	2	3	4	5	6	7	8	9	10	11	12	13	14	15	14	15
2	219343904	219453901	1	2	3	4	5	6	7	8	9	10	11	12	13	11	14	11	14
2	219453901	219457566	1	2	3	4	5	6	7	8	9	10	11	12	2	11	13	11	13
2	219457566	219460460	1	2	3	4	4	5	6	7	8	9	4	10	2	4	11	4	11
2	219460460	219593368	1	2	3	4	4	5	6	7	8	4	4	9	2	4	10	4	10
2	219593368	219594088	1	2	3	4	5	6	7	8	9	4	5	10	2	4	11	5	11
2	219594088	219968872	1	2	3	4	5	6	7	8	9	4	10	11	2	4	12	5	12
2	219968872	219972448	1	2	3	4	5	6	7	8	9	4	10	11	2	4	12	13	13
2	219972448	219976495	1	2	3	4	5	6	7	8	9	10	11	12	2	4	13	14	14
2	219976495	219976678	1	2	3	4	5	6	7	8	9	10	11	12	13	4	14	15	15
2	219976678	219991999	1	2	3	4	5	2	6	7	8	9	10	11	12	4	13	14	14
2	219991999	220028533	1	2	3	4	5	2	6	7	8	9	10	11	12	13	14	15	15
2	220028533	220034393	1	2	3	4	5	2	6	7	8	9	10	11	12	4	13	14	14
2	220034393	220216810	1	2	3	4	5	2	6	7	8	9	10	6	11	4	12	13	13
2	220216810	220333622	1	2	3	4	5	2	6	7	8	9	10	6	11	4	12	1	12
2	220333622	220380811	1	2	3	4	5	6	7	8	9	10	11	7	12	4	13	1	13
2	220380811	220614726	1	2	3	4	5	6	7	8	9	10	11	12	13	4	14	1	14
2	220614726	220836384	1	2	3	4	5	6	7	8	9	10	11	12	13	4	14	15	15
2	220836384	220862973	1	2	3	4	5	1	6	7	8	9	10	11	12	4	13	14	14
2	220862973	220864361	1	2	3	4	5	1	6	7	8	9	10	11	12	13	14	15	15
2	220864361	220885072	1	2	3	4	5	1	6	7	8	9	10	11	12	4	13	14	14
2	220885072	220886545	1	2	3	4	5	1	6	7	6	8	9	10	11	4	12	13	13
2	220886545	221291429	1	2	3	4	5	1	6	7	6	8	9	10	11	4	11	12	12
2	221291429	221314654	1	2	3	4	5	1	6	7	8	9	10	11	12	4	12	13	13
2	221314654	221449577	1	2	3	4	5	1	6	7	8	9	10	11	12	4	13	14	14
2	221449577	221917117	1	2	3	4	5	6	7	8	9	10	11	12	13	4	14	15	15
2	221917117	221920699	1	2	3	4	5	6	7	8	9	10	11	12	7	4	13	14	14
2	221920699	222236840	1	2	3	4	5	6	7	1	8	9	10	11	7	4	12	13	13
2	222236840	222317708	1	2	3	4	5	6	7	1	8	9	10	11	7	12	13	14	14
2	222317708	222783217	1	2	3	4	5	6	7	1	8	9	10	11	12	13	14	15	15
2	222783217	222817647	1	2	3	4	5	6	7	8	9	10	11	12	13	14	15	16	16
2	222817647	223406788	1	2	3	4	5	6	7	8	9	10	11	12	13	14	11	15	15
2	223406788	223536854	1	2	3	4	5	6	7	8	9	10	11	12	13	14	15	16	16
2	223536854	223536998	1	2	3	4	5	6	7	8	9	10	11	12	13	14	11	15	15
2	223536998	223566938	1	2	3	4	5	6	7	8	3	9	10	11	12	13	10	14	14
2	223566938	223616354	1	1	2	3	4	5	6	7	2	8	9	10	11	12	9	13	13
2	223616354	223821751	1	1	2	3	4	3	5	6	2	7	8	9	10	11	8	12	12
2	223821751	224111006	1	1	2	3	4	3	5	6	7	8	9	10	11	12	9	13	13
2	224111006	224112525	1	1	2	3	4	3	5	6	7	8	9	10	3	11	9	12	12
2	224112525	224114196	1	1	2	3	4	3	5	6	7	8	9	10	3	11	12	13	13
2	224114196	224134754	1	1	2	3	4	3	5	6	7	8	9	10	3	4	11	12	12
2	224134754	224191512	1	1	2	3	4	5	6	7	8	9	10	11	3	4	12	13	13
2	224191512	224245665	1	1	2	3	4	5	6	7	8	9	10	11	3	4	4	10	11
2	224245665	224297384	1	1	2	3	4	4	5	6	7	8	9	10	3	4	4	9	10
2	224297384	224457493	1	1	2	3	4	4	5	6	3	7	8	9	3	4	4	8	9
2	224457493	224484850	1	1	2	3	4	4	2	5	3	6	7	8	3	4	4	7	8
2	224484850	224653074	1	1	2	3	4	4	2	5	3	6	7	2	3	4	4	7	7
2	224653074	225292960	1	1	2	3	4	4	2	5	6	7	8	2	3	4	4	8	8
2	225292960	225490576	1	1	2	3	4	4	5	6	7	8	9	5	3	4	4	10	10
2	225490576	225548913	1	1	2	3	4	4	5	6	7	8	9	5	3	4	10	11	11
2	225548913	225661334	1	1	2	3	4	4	5	6	7	8	9	10	3	4	11	12	12
2	225661334	225705470	1	1	2	3	4	5	6	7	8	9	10	11	3	5	12	13	13
2	225705470	225752124	1	1	2	3	4	5	6	7	8	9	4	10	3	5	11	12	12
2	225752124	225770265	1	1	2	3	4	5	6	7	8	9	4	10	3	5	4	11	11
2	225770265	225770465	1	1	2	3	3	4	5	6	7	8	3	9	3	4	3	10	10
2	225770465	225877265	1	1	2	3	3	4	5	6	7	8	3	9	3	10	3	11	11
2	225877265	226051980	1	1	2	3	3	4	5	6	7	8	3	9	3	7	3	10	10
2	226051980	226397562	1	1	2	3	4	5	6	7	8	9	4	10	4	8	4	11	11
2	226397562	226462978	1	1	2	3	4	5	6	7	8	9	10	11	4	8	4	12	12
2	226462978	226465556	1	1	2	3	4	5	6	7	8	9	10	11	4	8	12	13	13
2	226465556	226467954	1	1	2	3	4	5	6	7	8	9	10	11	12	8	13	14	14
2	226467954	227084363	1	1	2	3	4	5	6	7	8	9	10	11	12	13	14	15	15
2	227084363	227454933	1	1	2	3	4	5	6	7	8	9	10	11	12	7	13	14	14
2	227454933	227514514	1	1	2	3	4	5	6	7	8	9	10	11	12	13	14	15	15
2	227514514	227514566	1	2	3	4	5	6	7	8	9	10	11	12	13	14	15	16	16
2	227514566	227515419	1	2	3	4	5	6	7	8	9	10	1	11	12	4	13	14	14
2	227515419	227537075	1	2	3	4	5	2	6	7	8	9	1	10	11	4	12	13	13
2	227537075	227544209	1	2	3	4	5	2	6	7	8	9	1	10	11	4	2	4	11
2	227544209	227546345	1	2	3	4	5	2	6	7	6	8	1	9	10	4	2	4	10
2	227546345	227550071	1	2	3	4	5	2	6	7	6	1	1	8	9	4	2	4	9
2	227550071	228314072	1	2	3	4	5	2	3	6	3	1	1	7	8	4	2	4	8
2	228314072	228326233	1	2	3	4	5	2	3	6	7	1	1	8	9	4	2	4	9
2	228326233	228625390	1	2	3	4	5	2	6	7	8	9	1	10	11	4	2	4	11
2	228625390	228626158	1	2	3	4	5	2	6	7	8	9	10	11	12	4	13	4	13
2	228626158	228721214	1	2	3	4	5	2	6	7	8	9	10	11	5	4	12	4	12
2	228721214	228725676	1	2	3	4	5	2	6	7	8	9	10	11	5	12	13	12	13
2	228725676	228725865	1	2	3	4	5	2	6	7	8	9	10	11	5	10	12	10	12
2	228725865	228779671	1	2	3	4	5	2	6	7	8	9	10	11	5	12	13	10	13
2	228779671	228791583	1	2	3	2	4	2	5	6	7	8	9	10	4	11	12	9	12
2	228791583	228840947	1	2	3	2	4	5	6	7	8	9	10	11	4	12	13	10	13
2	228840947	228963432	1	2	3	2	4	5	6	7	3	8	9	10	4	11	12	9	12
2	228963432	229107519	1	2	3	2	4	5	6	7	3	8	9	10	11	12	13	9	13
2	229107519	229193720	1	2	3	4	5	6	7	8	3	9	10	11	12	13	14	10	14
2	229193720	229257688	1	2	3	4	5	6	7	8	3	9	10	11	12	13	14	15	15
2	229257688	230365709	1	2	3	4	5	6	7	8	9	10	11	12	13	14	15	16	16
2	230365709	230565058	1	2	3	4	4	5	6	7	8	9	10	11	12	13	14	15	15
2	230565058	230692620	1	2	3	4	4	5	6	7	8	9	2	10	11	12	13	14	14
2	230692620	230699652	1	2	3	4	5	6	7	8	9	10	2	11	12	13	14	15	15
2	230699652	230888110	1	2	3	4	5	6	7	8	9	9	2	10	11	12	13	14	14
2	230888110	230951607	1	2	3	4	5	6	3	7	8	8	2	9	10	11	12	13	13
2	230951607	231202220	1	2	3	4	5	6	3	7	8	8	9	10	11	12	13	14	14
2	231202220	231297989	1	2	3	4	5	6	3	7	8	9	10	11	12	13	14	15	15
2	231297989	231533967	1	2	3	4	5	6	7	8	9	10	11	12	13	14	15	16	16
2	231533967	231802704	1	2	3	4	5	6	7	8	9	10	11	12	13	6	14	11	14
2	231802704	231993765	1	1	2	3	4	5	6	7	8	9	10	11	12	5	13	10	13
2	231993765	232253747	1	1	2	3	4	5	6	7	8	9	10	11	12	5	10	10	12
2	232253747	232254944	1	1	2	3	4	5	6	7	8	9	10	11	12	13	10	10	13
2	232254944	232273290	1	2	3	4	5	6	7	8	9	10	11	12	13	14	11	11	14
2	232273290	232434398	1	2	3	4	5	6	7	8	9	10	11	12	13	14	11	15	15
2	232434398	233574989	1	2	3	4	5	6	7	8	9	10	11	12	13	14	15	16	16
2	233574989	233615143	1	2	3	4	5	6	7	8	9	10	11	12	13	2	14	15	15
2	233615143	233723579	1	2	3	4	2	5	6	7	8	9	10	11	12	2	13	14	14
2	233723579	233731556	1	2	3	4	2	5	6	3	7	8	9	10	11	2	12	13	13
2	233731556	233732663	1	1	2	3	1	3	4	2	5	6	7	8	9	1	10	11	11
2	233732663	234233414	1	1	2	3	1	3	4	2	5	6	3	7	8	1	9	10	10
2	234233414	234916889	1	1	2	3	1	4	5	2	6	7	3	8	9	1	10	11	11
2	234916889	235049675	1	1	2	3	1	4	5	6	7	8	3	9	10	11	12	13	13
2	235049675	235092726	1	1	2	3	1	4	5	6	7	8	9	10	11	12	13	14	14
2	235092726	235122778	1	1	2	3	4	5	6	7	8	9	10	11	12	13	14	15	15
2	235122778	235414225	1	2	3	4	5	6	7	8	9	10	11	12	13	14	15	16	16
2	235414225	236024886	1	2	3	4	5	1	6	7	8	9	10	11	12	13	14	15	15
2	236024886	236202366	1	2	3	4	5	6	7	8	9	10	11	12	13	14	15	16	16
2	236202366	236324790	1	2	3	4	5	6	3	7	8	9	10	11	12	13	14	15	15
2	236324790	236432639	1	2	3	4	5	6	3	7	8	8	9	10	11	12	13	14	14
2	236432639	236566970	1	2	3	4	5	6	3	7	4	4	8	9	10	11	12	13	13
2	236566970	236603528	1	2	3	4	5	6	3	7	4	4	8	9	10	6	11	12	12
2	236603528	236687936	1	2	3	4	5	6	3	7	4	4	8	6	9	6	10	11	11
2	236687936	236781682	1	2	3	4	5	6	3	7	8	8	9	6	10	6	11	12	12
2	236781682	237075092	1	2	3	4	5	6	3	7	8	9	10	6	11	6	12	13	13
2	237075092	237412600	1	2	3	4	5	6	3	7	8	9	10	6	11	12	13	14	14
2	237412600	237959622	1	2	3	4	5	6	3	7	8	9	10	11	12	13	14	15	15
2	237959622	237961297	1	2	3	4	5	6	3	7	8	3	9	10	11	12	13	14	14
2	237961297	238015099	1	2	3	4	5	6	7	8	9	3	10	11	12	13	14	15	15
2	238015099	238042382	1	2	3	4	3	5	6	7	8	3	1	9	10	11	12	13	13
2	238042382	238045229	1	2	3	4	3	5	3	6	7	3	1	8	9	10	11	12	12
2	238045229	238098571	1	2	3	4	3	5	3	6	7	3	1	8	9	10	6	11	11
2	238098571	238143848	1	2	3	4	5	6	3	7	8	3	1	9	10	11	7	12	12
2	238143848	238146654	1	2	3	4	5	6	3	7	8	9	1	10	11	12	7	13	13
2	238146654	238155278	1	2	3	4	5	6	3	7	8	9	1	10	2	11	7	12	12
2	238155278	238220591	1	2	3	4	5	6	3	7	8	9	1	10	2	11	12	13	13
2	238220591	238220719	1	2	3	4	5	6	3	7	8	9	10	11	2	12	13	14	14
2	238220719	238772831	1	2	3	4	5	6	7	8	9	10	11	12	2	13	14	15	15
2	238772831	238897840	1	2	3	4	5	6	7	8	9	10	11	12	13	14	15	16	16
2	238897840	238908647	1	2	3	4	5	6	7	8	9	10	11	12	13	5	14	15	15
2	238908647	239062595	1	2	3	4	5	6	3	7	8	9	10	11	12	5	13	14	14
2	239062595	239069987	1	2	3	4	5	6	3	7	8	9	10	11	12	13	14	15	15
2	239069987	239076181	1	2	3	4	1	5	3	6	7	8	9	10	11	12	13	14	14
2	239076181	239248712	1	2	3	4	1	2	3	5	6	7	8	9	10	11	12	13	13
2	239248712	239250767	1	2	3	4	1	5	3	6	7	8	9	10	11	12	13	14	14
2	239250767	239390162	1	2	3	4	5	6	3	7	8	9	10	11	12	13	14	15	15
2	239390162	239428299	1	2	3	4	5	6	7	8	9	10	11	12	13	14	15	16	16
2	239428299	239555265	1	2	3	4	5	6	7	8	9	10	11	12	13	14	8	15	15
2	239555265	239778429	1	2	3	4	5	6	7	6	8	9	10	11	12	13	6	14	14
2	239778429	239864843	1	2	3	4	5	6	7	8	9	10	11	12	13	14	6	15	15
2	239864843	239873039	1	2	3	4	5	6	7	8	9	10	11	12	13	14	15	16	16
2	239873039	239888890	1	2	3	4	5	6	7	8	9	10	11	12	13	4	14	15	15
2	239888890	239913011	1	2	3	4	5	5	6	7	8	9	10	11	12	4	13	14	14
2	239913011	240148792	1	2	3	4	5	5	6	7	8	9	10	11	12	4	13	2	13
2	240148792	240325230	1	2	3	4	5	6	7	8	9	10	11	12	13	14	15	2	15
2	240325230	241671328	1	2	3	4	5	6	7	8	9	10	11	12	13	14	15	16	16
2	241671328	242407787	1	2	3	4	5	6	7	8	7	9	10	11	12	13	14	15	15
2	242407787	242408635	1	2	3	4	5	6	7	8	7	9	10	11	12	13	14	9	14
2	242408635	242889032	1	1	2	3	4	5	6	7	6	8	9	10	11	12	13	8	13
2	242889032	243423024	1	1	2	3	4	5	6	7	6	6	8	9	10	1	5	6	10
2	243423024	243432520	1	1	2	3	4	5	6	7	6	6	8	9	10	1	11	6	11
2	243432520	243480087	1	1	2	3	4	5	2	6	7	2	8	9	10	1	11	2	11
2	243480087	243483654	1	1	2	3	4	5	2	6	7	2	8	9	10	11	12	13	13
2	243483654	243518270	1	1	2	3	4	5	2	6	7	2	8	9	10	11	12	10	12
2	243518270	243518991	1	1	2	3	4	5	2	6	7	2	8	9	10	11	2	10	11
2	243518991	243525030	1	1	2	3	4	5	2	6	7	2	8	7	9	10	2	9	10
2	243525030	243588280	1	1	2	2	3	4	2	5	6	2	7	6	8	9	2	8	9
2	243588280	243749306	1	1	2	2	3	4	2	5	6	2	7	6	8	2	2	8	8
2	243749306	243860805	1	1	2	2	3	4	2	5	6	2	7	8	9	2	2	9	9
2	243860805	243861625	1	1	2	3	4	5	2	6	7	2	8	9	10	3	2	10	10
2	243861625	243867427	1	1	2	3	4	5	2	6	7	8	9	10	11	12	8	11	12
2	243867427	243893936	1	1	2	3	4	5	2	6	7	8	9	10	11	12	8	13	13
2	243893936	243899587	1	1	2	3	4	5	2	6	7	8	9	10	11	8	8	12	12
2	243899587	243906201	1	1	2	3	4	5	2	6	7	8	9	10	11	12	12	13	13
2	243906201	243950540	1	1	2	3	4	2	2	5	6	7	8	9	10	11	11	12	12
2	243950540	243986204	1	1	2	3	1	2	2	4	5	6	7	8	9	10	10	11	11
2	243986204	243992100	1	1	2	3	1	2	2	4	5	6	7	8	6	5	5	9	9
2	243992100	243992336	1	2	3	4	1	3	3	5	6	7	8	9	7	6	6	10	10
2	243992336	244093911	1	2	3	4	1	3	3	5	6	7	1	8	7	6	6	9	9
2	244093911	244099010	1	2	3	4	1	3	5	6	7	8	1	9	8	7	7	10	10
2	244099010	244254940	1	2	3	4	1	3	3	5	6	7	1	4	7	6	6	8	8
2	244254940	244295514	1	2	3	4	1	3	3	5	6	7	8	4	9	6	6	10	10
2	244295514	244300894	1	2	3	4	1	5	3	6	7	8	9	4	10	7	11	12	12
2	244300894	244319045	1	2	3	4	5	6	3	7	8	9	10	4	11	8	12	13	13
2	244319045	244407637	1	2	3	4	5	6	3	7	8	9	10	4	11	12	13	14	14
2	244407637	244416191	1	2	3	4	5	6	3	7	8	9	10	11	12	13	14	15	15
