chrom	start	end	B73_inra	A632_usa	CO255_inra	FV252_inra	OH43_inra	A654_inra	FV2_inra	C103_inra	EP1_inra	D105_inra	W117_inra	B96	DK63	F492	ND245	VA85	n_haps
3	87930	768531	1	2	3	4	5	6	7	8	3	9	10	11	12	13	14	15	15
3	768531	901009	1	2	3	4	5	6	7	8	3	9	10	11	1	12	13	14	14
3	901009	918659	1	2	3	4	5	6	7	8	3	9	10	11	12	13	14	15	15
3	918659	1014826	1	2	3	4	5	6	7	8	3	9	10	11	12	13	14	2	14
3	1014826	1020223	1	1	2	3	4	5	6	7	2	8	9	10	11	12	13	1	13
3	1020223	1167328	1	1	2	3	4	5	6	7	2	8	9	10	11	12	2	1	12
3	1167328	1203551	1	2	3	4	5	6	7	4	3	8	9	10	11	12	3	1	12
3	1203551	1290045	1	2	3	4	5	6	7	4	3	8	9	10	9	11	3	1	11
3	1290045	1303575	1	2	3	4	5	6	7	4	3	8	9	10	9	11	12	1	12
3	1303575	1395937	1	2	3	4	5	6	7	8	3	9	10	11	10	12	13	14	14
3	1395937	1480999	1	2	3	4	5	6	7	8	3	9	10	11	12	13	14	15	15
3	1480999	1630680	1	2	3	4	5	6	7	8	3	9	10	11	9	12	13	14	14
3	1630680	1690836	1	2	3	4	5	6	7	5	3	8	9	10	8	11	12	13	13
3	1690836	1692382	1	2	3	4	5	6	7	5	3	8	9	10	11	12	13	14	14
3	1692382	1873228	1	2	3	4	5	6	7	5	3	1	8	9	10	11	12	13	13
3	1873228	1880453	1	2	3	4	5	6	7	5	3	8	9	10	11	12	13	14	14
3	1880453	1881491	1	2	3	4	5	6	7	5	8	9	10	11	12	13	14	15	15
3	1881491	2051535	1	2	3	4	5	6	7	8	9	10	11	12	13	14	15	16	16
3	2051535	2131392	1	2	3	4	5	6	5	7	8	9	10	11	12	13	14	15	15
3	2131392	2156179	1	2	3	4	5	2	5	6	7	8	9	10	11	12	13	14	14
3	2156179	2191593	1	2	3	4	5	2	5	6	7	8	9	10	11	12	13	1	13
3	2191593	2197463	1	2	3	4	5	2	6	7	8	9	10	11	12	13	14	1	14
3	2197463	2280334	1	2	3	4	5	2	6	7	8	9	10	10	11	11	12	1	12
3	2280334	2283309	1	2	3	4	5	2	6	7	8	9	10	10	11	11	1	1	11
3	2283309	2287051	1	2	3	4	5	2	6	7	8	2	9	9	10	10	1	1	10
3	2287051	2347776	1	2	3	4	5	2	6	7	7	2	8	8	9	9	1	1	9
3	2347776	2356975	1	2	3	4	5	6	7	8	8	6	9	9	10	10	1	1	10
3	2356975	2357018	1	2	3	4	5	6	7	8	8	6	9	9	10	11	1	1	11
3	2357018	2362235	1	2	3	4	5	6	7	8	8	6	9	10	11	12	1	1	12
3	2362235	2458708	1	2	3	4	3	5	6	7	7	5	2	8	9	10	1	1	10
3	2458708	2566737	1	2	3	4	3	5	6	7	7	8	2	9	10	11	1	1	11
3	2566737	2567102	1	2	3	4	5	6	7	8	8	9	2	10	11	12	1	1	12
3	2567102	2568323	1	2	3	4	5	6	7	8	8	9	10	11	12	13	1	1	13
3	2568323	2666175	1	2	3	4	5	6	7	8	9	10	11	12	13	14	1	1	14
3	2666175	2684141	1	2	3	4	5	6	7	8	9	10	11	12	13	14	15	15	15
3	2684141	2695858	1	2	3	4	5	6	7	8	9	10	11	12	13	14	15	16	16
3	2695858	2758255	1	2	3	4	5	6	7	8	9	10	11	12	13	14	15	1	15
3	2758255	2791560	1	2	3	4	5	6	7	8	9	10	11	12	13	6	14	1	14
3	2791560	2793471	1	2	3	4	5	6	7	8	3	9	10	11	12	6	13	1	13
3	2793471	2986045	1	2	3	4	5	4	6	7	3	8	9	10	11	4	12	1	12
3	2986045	2986172	1	2	3	4	5	4	6	5	3	7	8	9	10	4	11	1	11
3	2986172	3080237	1	2	3	4	5	6	7	5	3	8	9	10	11	4	12	1	12
3	3080237	3092101	1	2	3	4	5	6	7	5	3	8	9	10	11	12	13	1	13
3	3092101	3145405	1	2	3	4	5	6	7	5	3	8	9	10	11	12	13	14	14
3	3145405	3272948	1	2	3	4	5	6	7	8	3	9	10	11	12	13	14	15	15
3	3272948	3276477	1	2	3	4	5	6	3	7	3	8	9	10	11	12	13	14	14
3	3276477	3364699	1	2	3	4	5	6	3	7	3	8	9	10	4	11	7	5	11
3	3364699	3400778	1	2	3	4	5	6	3	7	3	8	9	10	4	11	7	12	12
3	3400778	3434474	1	2	3	4	5	6	7	8	3	9	10	11	4	12	8	13	13
3	3434474	3612452	1	2	3	4	5	6	7	8	3	8	9	10	4	11	8	12	12
3	3612452	3814339	1	2	3	4	5	6	7	8	3	8	9	10	11	12	13	14	14
3	3814339	3822877	1	2	3	4	5	6	7	8	3	9	10	11	12	13	14	15	15
3	3822877	3979767	1	2	3	4	5	6	7	8	3	9	10	11	12	13	14	10	14
3	3979767	4147815	1	2	3	4	5	6	7	8	3	9	10	11	12	13	14	15	15
3	4147815	4319637	1	2	3	4	5	6	7	8	9	10	11	12	13	14	15	16	16
3	4319637	4512026	1	2	3	4	5	6	7	8	9	10	11	6	12	13	14	15	15
3	4512026	4517040	1	2	3	4	5	6	7	8	9	10	11	12	13	14	15	16	16
3	4517040	4518920	1	2	3	4	5	6	7	8	9	10	11	12	13	14	15	5	15
3	4518920	4600030	1	2	3	4	5	6	7	8	9	10	11	12	13	14	9	5	14
3	4600030	4743517	1	2	1	3	4	5	6	7	8	9	10	11	12	13	8	4	13
3	4743517	4747818	1	2	1	1	3	4	5	6	7	8	9	10	11	12	7	3	12
3	4747818	4836660	1	2	1	1	3	4	5	6	4	7	8	9	10	8	4	3	10
3	4836660	4909881	1	2	1	1	3	4	5	2	4	6	7	8	9	7	4	3	9
3	4909881	4914879	1	2	1	1	3	4	5	2	4	6	7	8	9	7	4	10	10
3	4914879	4918390	1	2	1	1	3	4	5	6	4	7	8	9	10	8	4	11	11
3	4918390	4924441	1	2	1	1	3	4	5	6	7	8	9	10	11	9	4	12	12
3	4924441	4937825	1	2	1	1	3	4	5	6	7	4	8	9	10	8	4	11	11
3	4937825	4951681	1	2	3	1	4	5	6	7	8	5	9	10	11	9	5	12	12
3	4951681	4952318	1	2	3	1	4	5	6	7	8	5	9	10	11	12	5	13	13
3	4952318	5016887	1	2	3	1	4	5	6	7	8	5	9	10	11	12	5	11	12
3	5016887	5021323	1	2	3	1	4	5	6	7	8	5	9	10	11	12	13	11	13
3	5021323	5112148	1	2	3	4	5	6	7	8	9	6	10	11	12	13	14	12	14
3	5112148	5158085	1	2	3	4	5	6	7	8	9	10	11	12	13	14	15	16	16
3	5158085	5161600	1	2	3	4	5	6	7	8	9	10	11	12	13	12	14	15	15
3	5161600	5164593	1	2	3	4	5	6	7	8	9	10	11	12	13	12	4	14	14
3	5164593	5285688	1	2	3	4	5	6	7	8	9	10	11	12	13	12	4	4	13
3	5285688	5469574	1	2	3	4	5	6	7	8	9	10	1	11	12	11	4	4	12
3	5469574	5488939	1	2	3	4	5	6	7	8	9	10	1	11	12	13	4	4	13
3	5488939	5499953	1	2	3	4	5	6	7	8	9	10	1	11	12	13	14	14	14
3	5499953	5689251	1	2	3	4	5	6	7	8	9	10	1	11	12	13	14	15	15
3	5689251	5709940	1	2	3	4	5	6	7	8	9	10	11	12	13	14	15	16	16
3	5709940	5809476	1	2	3	4	5	6	7	8	9	10	11	12	13	14	9	15	15
3	5809476	5916332	1	2	3	4	5	3	6	7	8	9	10	11	12	13	8	14	14
3	5916332	6091876	1	2	3	4	5	3	6	7	8	9	10	11	4	12	8	13	13
3	6091876	6105954	1	2	3	4	5	6	7	8	9	10	11	12	4	13	9	14	14
3	6105954	6295094	1	2	3	4	5	6	7	8	9	10	11	12	13	14	9	15	15
3	6295094	6377738	1	2	3	4	5	6	7	8	9	8	10	11	12	13	9	14	14
3	6377738	6383376	1	2	3	4	5	6	7	8	9	8	10	11	8	12	9	13	13
3	6383376	6384651	1	2	3	4	5	6	7	8	9	8	10	11	8	12	9	3	12
3	6384651	6669219	1	2	3	4	5	6	7	8	7	8	9	10	8	11	7	3	11
3	6669219	6670924	1	2	3	4	5	6	7	8	9	8	10	11	8	12	9	3	12
3	6670924	6672063	1	2	3	4	5	6	7	6	8	6	9	10	6	11	8	3	11
3	6672063	6772672	1	2	3	4	5	6	7	6	8	6	9	10	6	11	8	12	12
3	6772672	6773513	1	2	3	4	5	2	6	2	7	2	8	9	2	10	7	11	11
3	6773513	6777054	1	2	3	4	5	2	6	2	7	2	8	9	10	11	7	12	12
3	6777054	7011618	1	2	3	4	5	6	7	6	8	2	9	10	11	12	8	13	13
3	7011618	7038999	1	2	3	4	5	6	7	6	8	9	10	11	12	13	8	14	14
3	7038999	7084911	1	2	3	4	5	6	7	8	9	10	11	12	13	14	9	15	15
3	7084911	7302218	1	2	3	4	5	6	7	8	9	10	11	12	13	14	15	16	16
3	7302218	7404055	1	2	3	4	5	6	7	8	7	9	10	11	12	13	14	15	15
3	7404055	7448303	1	2	3	4	5	6	7	8	7	9	9	10	11	12	13	14	14
3	7448303	7485060	1	2	3	4	5	6	7	8	7	9	9	10	11	6	12	13	13
3	7485060	7516772	1	2	3	4	5	6	7	8	9	10	10	11	12	6	13	14	14
3	7516772	7527361	1	2	3	4	5	6	7	8	9	10	10	11	12	6	8	13	13
3	7527361	7740189	1	2	3	4	5	6	7	8	9	10	10	11	12	6	8	12	12
3	7740189	8073349	1	2	3	4	5	3	6	7	8	9	9	10	11	3	7	11	11
3	8073349	8100737	1	2	3	4	5	3	6	7	8	9	9	10	3	3	7	3	10
3	8100737	8106634	1	2	3	4	5	3	6	7	8	9	10	11	12	3	13	3	13
3	8106634	8292148	1	2	3	4	5	3	6	7	8	9	10	11	12	13	14	3	14
3	8292148	8369380	1	2	3	4	5	6	7	8	9	10	11	12	13	14	15	3	15
3	8369380	8663706	1	2	3	4	5	6	7	8	9	10	11	12	13	14	15	16	16
3	8663706	8727267	1	2	3	4	5	6	7	8	3	9	10	11	12	13	14	15	15
3	8727267	8851661	1	2	3	4	5	1	6	7	3	8	9	10	11	12	13	14	14
3	8851661	8851990	1	2	3	4	5	1	6	7	3	8	9	2	10	11	12	13	13
3	8851990	9088446	1	2	3	4	5	1	6	7	3	6	8	2	9	10	11	12	12
3	9088446	9097635	1	2	3	4	5	1	6	7	3	6	8	2	9	10	11	2	11
3	9097635	9137392	1	2	3	4	5	1	3	6	3	3	7	2	8	9	10	2	10
3	9137392	9144348	1	2	3	4	5	1	3	6	3	7	8	2	9	10	11	2	11
3	9144348	9346550	1	2	3	4	5	1	3	6	3	7	8	9	10	11	12	2	12
3	9346550	9357198	1	2	3	4	5	1	6	7	3	8	9	10	11	12	13	2	13
3	9357198	9369097	1	2	3	4	5	1	6	7	3	8	9	10	11	12	13	14	14
3	9369097	9369737	1	2	3	4	5	1	6	7	3	8	9	10	11	12	13	5	13
3	9369737	9579124	1	2	3	4	5	1	6	5	3	7	8	9	10	11	12	5	12
3	9579124	9736554	1	2	3	4	5	6	7	5	3	8	9	10	11	12	13	5	13
3	9736554	9743830	1	2	3	4	5	6	7	8	3	9	10	11	12	13	14	8	14
3	9743830	9811957	1	2	3	4	5	6	7	2	3	8	9	10	11	12	13	2	13
3	9811957	9980175	1	2	3	4	5	6	7	8	3	9	10	11	12	13	14	2	14
3	9980175	10385532	1	2	3	4	5	6	7	8	3	9	10	11	12	13	14	15	15
3	10385532	10548378	1	2	3	4	5	6	7	8	3	9	10	11	2	12	13	14	14
3	10548378	10774922	1	2	3	4	5	6	4	7	3	8	9	10	2	11	12	13	13
3	10774922	10774951	1	2	3	4	5	6	4	7	3	8	9	10	2	11	12	5	12
3	10774951	10867320	1	2	3	4	5	6	4	7	3	4	8	9	2	10	11	5	11
3	10867320	11022395	1	2	3	4	5	6	4	7	3	4	4	8	2	9	10	5	10
3	11022395	11159770	1	2	3	4	5	6	4	7	3	4	4	8	9	10	11	5	11
3	11159770	11443745	1	2	3	4	5	6	4	7	3	4	8	9	10	11	12	5	12
3	11443745	11444252	1	2	3	4	5	5	4	6	3	4	7	8	9	10	11	5	11
3	11444252	11471400	1	2	3	4	5	5	4	6	3	7	8	9	10	11	12	5	12
3	11471400	11500392	1	2	3	4	5	5	4	6	3	7	8	9	10	11	3	5	11
3	11500392	11504912	1	2	3	4	5	6	4	7	3	8	9	10	11	12	3	6	12
3	11504912	11692672	1	2	3	4	5	6	7	8	3	9	10	11	12	13	3	6	13
3	11692672	11825385	1	2	3	4	5	6	7	8	3	9	10	11	12	13	3	14	14
3	11825385	12206093	1	2	3	4	5	6	7	8	3	9	10	11	12	13	14	15	15
3	12206093	12208812	1	2	3	4	5	6	7	8	9	10	11	12	13	14	15	16	16
3	12208812	12549245	1	2	3	4	5	6	7	8	2	9	10	11	12	13	14	15	15
3	12549245	12829413	1	2	3	4	5	6	7	8	9	10	11	12	13	14	15	16	16
3	12829413	13020440	1	2	3	4	5	6	7	8	9	10	11	12	13	14	14	15	15
3	13020440	13177943	1	2	3	4	5	6	7	8	9	4	10	11	12	13	13	14	14
3	13177943	13252467	1	2	3	4	5	6	7	8	3	4	9	10	11	12	12	13	13
3	13252467	13252550	1	2	3	4	5	6	7	8	3	4	8	9	10	11	11	12	12
3	13252550	13253922	1	2	3	4	5	6	7	8	3	4	8	9	10	11	12	13	13
3	13253922	13690885	1	2	3	4	5	6	7	8	3	4	8	6	9	10	11	12	12
3	13690885	13701731	1	2	3	4	5	6	7	8	3	4	8	9	10	11	12	13	13
3	13701731	13949177	1	2	3	4	5	6	7	8	3	4	8	9	6	10	11	12	12
3	13949177	13953293	1	2	3	4	5	6	7	8	3	9	8	10	6	11	12	13	13
3	13953293	14141934	1	2	1	3	4	5	6	7	1	8	7	9	5	10	11	12	12
3	14141934	14231629	1	2	1	3	4	5	6	7	1	8	9	10	5	11	12	13	13
3	14231629	14266363	1	2	1	3	4	5	6	7	1	8	9	10	11	12	13	14	14
3	14266363	14338307	1	2	1	2	3	4	5	6	1	7	8	9	10	11	12	13	13
3	14338307	14514601	1	2	1	2	3	4	5	6	7	8	9	10	11	12	13	14	14
3	14514601	14740285	1	2	3	2	4	5	6	7	8	9	10	11	12	13	14	15	15
3	14740285	14752241	1	2	3	4	5	6	7	8	9	10	11	12	13	14	15	16	16
3	14752241	14852230	1	2	3	4	5	6	7	8	7	9	10	11	12	13	14	15	15
3	14852230	15187803	1	2	3	4	5	6	7	8	7	9	10	11	12	3	13	14	14
3	15187803	15803766	1	2	3	4	5	6	7	8	7	9	10	11	4	3	12	13	13
3	15803766	15992205	1	2	3	4	5	6	7	8	7	9	10	11	4	12	13	14	14
3	15992205	15993637	1	2	3	4	5	6	7	8	3	9	10	11	4	12	13	14	14
3	15993637	16092737	1	2	3	4	5	6	7	8	3	9	10	11	12	13	14	15	15
3	16092737	16289230	1	2	3	4	5	3	6	7	3	8	9	10	11	12	13	14	14
3	16289230	16420947	1	2	3	4	5	3	6	7	3	8	9	10	9	11	1	12	12
3	16420947	16532858	1	2	3	4	5	6	7	8	3	9	10	11	10	12	1	13	13
3	16532858	16635407	1	2	3	4	1	5	6	7	3	8	9	10	9	11	1	12	12
3	16635407	16735842	1	2	3	4	1	5	6	7	3	8	9	10	9	11	12	13	13
3	16735842	16789430	1	2	3	4	1	1	5	6	3	7	8	9	8	10	11	12	12
3	16789430	16936497	1	2	3	4	1	1	5	6	3	7	8	9	10	11	12	13	13
3	16936497	16938230	1	2	3	4	1	1	5	6	7	8	9	10	11	12	13	14	14
3	16938230	16952077	1	2	3	4	5	1	6	7	8	9	10	11	12	13	14	15	15
3	16952077	16978952	1	2	3	4	5	1	6	7	8	9	10	11	5	12	13	14	14
3	16978952	17170088	1	2	3	4	5	1	6	7	8	9	10	11	5	12	5	13	13
3	17170088	17369950	1	2	3	4	5	6	7	8	9	10	11	12	5	13	5	14	14
3	17369950	17379472	1	2	3	4	5	6	7	8	9	10	11	12	13	14	5	15	15
3	17379472	17453515	1	2	3	4	5	6	3	7	8	9	10	11	12	13	5	14	14
3	17453515	17539865	1	2	3	4	5	6	3	7	8	9	6	10	11	8	5	12	12
3	17539865	17546561	1	2	3	4	5	6	3	7	8	9	6	10	11	8	12	13	13
3	17546561	17756294	1	2	3	4	5	6	3	7	8	9	6	10	11	8	6	12	12
3	17756294	17999940	1	2	3	4	5	6	7	8	9	10	6	11	12	9	6	13	13
3	17999940	18375157	1	2	3	4	5	6	7	8	9	10	6	11	12	13	6	14	14
3	18375157	18381691	1	2	3	4	5	6	7	8	9	10	11	12	13	14	11	15	15
3	18381691	18479444	1	2	3	4	5	6	7	8	9	10	11	12	13	14	15	16	16
3	18479444	18958679	1	2	3	4	5	6	3	7	8	9	10	11	12	13	14	15	15
3	18958679	19355378	1	2	3	4	5	6	7	8	9	10	11	12	13	14	15	16	16
3	19355378	19837774	1	1	2	3	4	5	6	7	8	9	10	11	12	13	14	15	15
3	19837774	19846765	1	1	2	3	4	5	6	7	8	9	10	11	12	13	14	4	14
3	19846765	20761958	1	1	2	3	4	1	5	6	7	8	9	10	11	12	13	4	13
3	20761958	20767638	1	1	2	3	4	1	5	6	7	8	9	10	11	12	13	14	14
3	20767638	20853933	1	1	2	3	4	1	5	6	7	8	9	10	11	12	13	4	13
3	20853933	20859111	1	1	2	3	4	1	5	6	7	8	9	10	6	11	12	4	12
3	20859111	21590207	1	1	2	3	4	5	6	7	8	9	10	11	7	12	13	4	13
3	21590207	21766315	1	1	2	3	4	5	6	7	8	9	10	11	12	13	14	4	14
3	21766315	21792153	1	2	3	4	5	6	7	8	9	10	11	12	13	14	15	16	16
3	21792153	21971471	1	1	2	3	4	5	6	7	8	9	10	11	12	13	14	15	15
3	21971471	22138470	1	1	2	3	4	5	6	7	8	9	10	11	12	13	14	4	14
3	22138470	22464198	1	1	2	3	4	5	6	7	8	9	10	11	12	13	5	4	13
3	22464198	22545215	1	1	2	3	4	5	6	3	7	8	9	10	11	12	5	4	12
3	22545215	23109023	1	1	2	3	4	5	6	3	7	8	9	10	11	6	5	4	11
3	23109023	23220523	1	1	2	3	4	5	6	3	7	8	9	10	11	6	12	4	12
3	23220523	23436072	1	1	2	3	4	5	6	3	7	8	9	10	3	6	11	4	11
3	23436072	24258227	1	1	2	3	4	5	6	7	8	9	10	11	7	6	12	4	12
3	24258227	24343821	1	1	2	3	4	5	6	7	8	9	10	11	7	12	13	4	13
3	24343821	24344643	1	1	2	3	4	5	6	7	8	9	10	11	7	12	13	14	14
3	24344643	24825137	1	1	2	3	4	5	6	7	8	9	10	11	7	12	13	4	13
3	24825137	26979167	1	1	2	3	4	5	6	7	8	9	10	11	12	13	14	4	14
3	26979167	26989894	1	1	2	3	4	5	6	7	8	9	10	11	12	13	14	15	15
3	26989894	28236587	1	1	2	3	4	5	6	7	8	9	10	11	12	13	14	4	14
3	28236587	29663962	1	1	2	3	4	5	6	7	8	9	10	11	1	12	13	4	13
3	29663962	30980125	1	1	2	3	4	5	6	7	8	9	10	11	12	13	14	4	14
3	30980125	31042925	1	2	3	4	5	6	7	8	9	10	11	12	13	14	15	5	15
3	31042925	32410133	1	1	2	3	4	5	6	7	8	9	10	11	12	13	14	4	14
3	32410133	34654326	1	1	2	3	4	5	6	7	8	9	10	11	12	13	14	15	15
3	34654326	34671862	1	2	3	4	5	6	7	8	9	10	11	12	13	14	15	16	16
3	34671862	38681708	1	1	2	3	4	5	6	7	8	9	10	11	12	13	14	15	15
3	38681708	42197878	1	1	2	3	4	3	5	6	7	8	9	10	11	12	13	14	14
3	42197878	42268639	1	2	3	4	5	4	6	7	8	9	10	11	12	13	14	15	15
3	42268639	44152819	1	1	2	3	4	3	5	6	7	8	9	10	11	12	13	14	14
3	44152819	50114144	1	1	2	3	4	5	6	7	8	9	10	11	12	13	14	15	15
3	50114144	50164709	1	2	3	4	5	6	7	8	9	10	11	12	13	14	15	16	16
3	50164709	50170481	1	1	2	3	4	5	6	7	8	9	10	11	12	13	14	3	14
3	50170481	52900978	1	1	2	3	4	5	6	3	7	8	9	10	11	12	13	3	13
3	52900978	54008037	1	1	2	3	4	5	6	3	7	8	3	9	10	11	12	3	12
3	54008037	54195424	1	1	2	3	4	5	6	7	8	9	7	10	11	12	13	7	13
3	54195424	55674231	1	1	2	3	4	5	6	7	8	9	7	10	11	12	13	14	14
3	55674231	55674296	1	1	2	3	4	5	6	7	8	9	10	11	12	13	14	15	15
3	55674296	59976178	1	2	3	4	5	6	7	8	9	10	11	12	13	14	15	16	16
3	59976178	67934289	1	1	2	3	4	5	6	7	8	9	10	11	12	13	14	15	15
3	67934289	72653979	1	1	2	3	4	5	6	7	8	9	10	11	12	13	14	9	14
3	72653979	82907433	1	2	3	4	5	6	7	8	9	10	11	12	13	14	15	10	15
3	82907433	83529087	1	2	3	4	5	6	7	8	9	8	10	11	12	13	14	8	14
3	83529087	83530813	1	2	3	4	5	6	7	8	9	10	11	12	13	14	15	8	15
3	83530813	93411355	1	2	3	4	5	6	7	8	9	10	11	12	13	14	8	8	14
3	93411355	93728538	1	2	3	4	5	6	7	8	9	10	11	12	13	14	15	8	15
3	93728538	116709241	1	2	3	4	5	6	7	8	9	10	11	12	13	14	15	16	16
3	116709241	121627303	1	1	2	3	4	5	6	7	8	9	10	11	12	13	14	15	15
3	121627303	121632191	1	2	3	4	5	6	7	8	9	10	11	12	13	14	15	16	16
3	121632191	123973097	1	1	2	3	4	5	6	7	8	9	10	11	12	13	14	15	15
3	123973097	125907429	1	1	2	3	4	5	6	7	8	9	10	11	12	13	4	14	14
3	125907429	125968177	1	2	3	4	5	6	7	8	9	10	11	12	13	14	5	15	15
3	125968177	126148892	1	1	2	3	4	5	6	7	8	9	10	11	12	13	4	14	14
3	126148892	127628544	1	1	2	3	4	5	6	7	8	9	10	11	12	13	14	15	15
3	127628544	127700785	1	2	3	4	5	6	7	8	9	10	11	12	13	14	15	16	16
3	127700785	129437616	1	1	2	3	4	5	6	7	8	9	10	11	12	13	14	15	15
3	129437616	132868910	1	1	2	3	4	5	6	7	8	2	9	10	11	12	13	14	14
3	132868910	132942814	1	1	2	3	4	5	6	7	6	2	8	9	10	11	12	13	13
3	132942814	132948175	1	2	3	4	5	6	7	8	7	3	9	10	11	12	13	14	14
3	132948175	136774393	1	2	3	4	5	6	7	8	7	9	10	11	12	13	14	15	15
3	136774393	136777537	1	2	3	4	5	1	6	7	6	8	9	10	11	12	13	14	14
3	136777537	136793455	1	2	3	1	4	1	5	6	5	7	8	9	10	11	12	13	13
3	136793455	137673677	1	2	3	1	4	1	5	6	7	8	9	10	11	12	13	14	14
3	137673677	137701600	1	2	3	4	5	1	6	7	8	9	10	11	12	13	14	15	15
3	137701600	137908186	1	2	3	1	4	1	5	6	7	8	9	10	11	12	13	14	14
3	137908186	137918275	1	2	3	1	4	5	6	7	8	9	10	11	12	13	14	15	15
3	137918275	138469858	1	2	3	1	4	1	5	6	7	8	9	10	11	12	13	14	14
3	138469858	139104459	1	2	3	1	4	1	5	6	7	7	8	9	10	11	12	13	13
3	139104459	140389369	1	2	3	1	4	1	3	5	6	6	7	8	9	10	11	12	12
3	140389369	140647774	1	2	3	1	4	1	3	5	6	7	8	9	10	11	12	13	13
3	140647774	140776797	1	2	3	1	4	1	5	6	7	8	9	10	11	12	13	14	14
3	140776797	141153604	1	2	3	4	5	1	6	7	8	9	10	11	12	13	14	15	15
3	141153604	141611626	1	1	2	3	4	1	5	6	7	8	9	10	11	12	13	14	14
3	141611626	141751818	1	1	2	3	4	1	5	6	5	7	8	9	10	11	12	13	13
3	141751818	142192584	1	2	3	4	5	2	6	7	6	8	9	10	11	12	13	14	14
3	142192584	143642338	1	2	3	2	4	2	5	6	5	7	8	9	10	11	12	13	13
3	143642338	144481384	1	2	3	2	4	1	5	6	5	7	8	9	10	11	12	13	13
3	144481384	146048566	1	2	3	2	4	1	5	6	7	8	9	10	11	12	13	14	14
3	146048566	147849919	1	2	3	4	5	1	6	7	8	9	10	11	12	13	14	15	15
3	147849919	148158890	1	2	3	4	5	6	7	8	9	10	11	12	13	14	15	16	16
3	148158890	148703992	1	2	3	4	5	6	7	8	9	10	11	12	6	13	14	15	15
3	148703992	149051759	1	2	3	4	5	6	7	8	9	10	11	12	6	4	13	14	14
3	149051759	149404478	1	2	3	4	5	6	7	8	9	10	11	12	13	4	14	15	15
3	149404478	149703778	1	2	3	4	5	6	7	8	9	10	11	4	12	4	13	14	14
3	149703778	150854989	1	2	3	4	5	6	7	8	9	10	11	4	12	13	14	15	15
3	150854989	150962179	1	2	3	4	5	6	7	8	9	10	11	4	12	1	13	14	14
3	150962179	151584111	1	2	3	4	5	6	7	8	9	10	11	12	13	1	14	15	15
3	151584111	152190251	1	2	3	4	5	6	7	6	8	9	10	11	12	1	13	14	14
3	152190251	152750692	1	2	3	4	5	6	7	6	8	9	10	11	12	1	13	1	13
3	152750692	152758841	1	2	3	4	5	6	7	3	8	9	10	11	12	1	13	1	13
3	152758841	153224155	1	2	3	4	5	6	7	3	8	9	10	11	12	1	12	1	12
3	153224155	153467294	1	2	3	4	5	6	7	3	8	9	10	11	12	13	12	1	13
3	153467294	153467401	1	2	3	4	5	6	7	8	9	10	11	12	13	14	13	1	14
3	153467401	154125938	1	2	3	4	5	6	7	8	9	10	11	12	13	14	15	1	15
3	154125938	154182925	1	2	3	4	5	6	7	8	9	5	10	11	12	13	14	1	14
3	154182925	154273800	1	2	3	4	5	6	7	8	9	5	10	11	12	13	14	15	15
3	154273800	154838955	1	2	3	4	5	6	7	4	8	5	9	10	11	12	5	1	12
3	154838955	155193503	1	2	3	4	5	6	7	4	8	5	5	9	10	11	5	1	11
3	155193503	155335422	1	2	3	4	5	6	7	4	8	5	5	9	10	11	12	1	12
3	155335422	155668640	1	2	3	4	5	6	7	8	9	5	5	10	11	12	13	1	13
3	155668640	155668677	1	2	3	4	5	6	7	8	9	5	10	11	12	13	14	1	14
3	155668677	155852367	1	2	3	4	5	6	7	8	9	10	11	12	13	14	15	1	15
3	155852367	157369679	1	1	2	3	4	5	6	7	8	9	10	11	12	13	14	1	14
3	157369679	157883044	1	2	3	4	5	6	7	8	9	10	11	12	13	14	15	1	15
3	157883044	158558377	1	2	3	1	4	5	6	7	8	9	10	11	12	13	14	1	14
3	158558377	158682035	1	2	3	1	4	5	6	7	8	9	10	11	9	12	13	1	13
3	158682035	159139043	1	2	3	4	5	6	7	8	9	10	11	12	10	13	14	4	14
3	159139043	159141941	1	2	3	4	5	6	7	8	9	10	11	12	13	14	15	4	15
3	159141941	159326086	1	2	3	4	5	6	7	8	9	10	11	12	11	13	14	4	14
3	159326086	159342797	1	2	3	4	5	6	7	8	9	10	11	12	11	8	13	4	13
3	159342797	159604235	1	2	3	4	2	5	6	7	8	9	10	11	10	7	12	4	12
3	159604235	159609174	1	2	3	4	2	5	6	7	8	9	10	11	10	7	12	13	13
3	159609174	160182176	1	2	3	4	2	5	6	7	6	8	9	10	9	7	11	12	12
3	160182176	160277722	1	2	3	4	2	5	6	7	6	8	9	10	9	7	9	11	11
3	160277722	160319980	1	2	3	4	5	6	7	8	7	9	10	11	10	8	10	12	12
3	160319980	160383744	1	2	3	4	5	6	7	8	7	9	10	11	12	13	12	14	14
3	160383744	160392864	1	2	3	4	5	6	7	8	9	10	11	12	13	14	13	15	15
3	160392864	160426458	1	2	3	4	5	6	7	8	3	9	10	11	12	13	12	14	14
3	160426458	160518557	1	2	3	4	5	6	7	8	3	8	9	10	11	12	11	13	13
3	160518557	160519030	1	2	3	4	5	6	7	8	3	8	9	1	10	11	10	12	12
3	160519030	161006318	1	2	3	4	5	6	7	8	3	8	9	1	10	1	10	11	11
3	161006318	161008498	1	2	3	4	5	6	7	8	3	8	9	1	10	11	10	12	12
3	161008498	161012566	1	2	3	4	5	6	7	8	3	8	9	10	11	12	11	13	13
3	161012566	161237340	1	2	3	4	5	6	7	8	9	8	10	11	12	13	12	14	14
3	161237340	161238626	1	2	3	4	5	6	7	8	9	10	11	12	13	14	13	15	15
3	161238626	161436577	1	2	3	4	5	6	7	8	9	10	11	12	13	14	15	16	16
3	161436577	161484911	1	2	3	4	5	3	6	7	8	9	10	11	12	13	14	15	15
3	161484911	161487039	1	2	3	4	5	3	6	7	8	9	10	11	10	12	13	14	14
3	161487039	162120281	1	2	3	4	5	3	6	7	8	9	10	11	10	5	12	13	13
3	162120281	162248780	1	2	3	4	5	6	7	8	9	10	11	12	11	5	13	14	14
3	162248780	162337891	1	2	3	4	5	6	4	7	8	9	10	11	10	5	12	13	13
3	162337891	163196559	1	2	3	4	5	6	4	7	8	9	10	11	10	12	13	14	14
3	163196559	163206642	1	2	3	4	5	6	7	8	9	10	11	12	11	13	14	15	15
3	163206642	163754834	1	2	3	4	5	6	7	8	9	10	1	11	1	12	13	14	14
3	163754834	163762729	1	2	3	4	5	6	7	8	9	10	11	12	1	13	14	15	15
3	163762729	163985731	1	2	3	4	5	6	7	8	9	10	11	12	13	14	15	16	16
3	163985731	164105814	1	2	3	4	5	6	7	8	9	10	11	12	1	13	14	15	15
3	164105814	164411315	1	2	3	4	5	6	7	8	9	10	11	12	1	13	14	13	14
3	164411315	166640316	1	2	3	4	5	6	7	5	8	9	10	11	1	12	13	12	13
3	166640316	166738569	1	2	3	4	5	6	7	5	8	9	10	11	1	12	13	14	14
3	166738569	167058679	1	2	3	1	4	5	6	4	7	8	9	10	1	11	12	13	13
3	167058679	168044391	1	2	3	1	4	5	6	4	7	8	9	10	11	12	13	14	14
3	168044391	168349719	1	2	3	4	5	6	7	5	8	9	10	11	12	13	14	15	15
3	168349719	168483157	1	2	3	4	5	6	7	5	8	9	1	10	11	12	13	14	14
3	168483157	169002303	1	2	3	4	5	6	7	8	9	10	1	11	12	13	14	15	15
3	169002303	169441360	1	2	3	4	5	6	7	8	9	10	11	12	13	14	15	16	16
3	169441360	169637940	1	2	3	4	5	6	7	8	9	10	11	12	13	14	15	5	15
3	169637940	169715566	1	2	3	4	4	5	6	7	8	9	10	11	12	13	14	4	14
3	169715566	170031767	1	2	3	4	4	5	6	7	8	9	10	11	12	13	3	4	13
3	170031767	170090684	1	2	3	4	5	6	7	8	9	10	11	12	13	14	3	4	14
3	170090684	170093757	1	2	3	4	5	6	7	8	9	10	11	12	13	14	3	15	15
3	170093757	170097765	1	2	3	4	5	6	7	8	9	10	11	11	12	13	3	7	13
3	170097765	170098069	1	2	3	4	5	6	7	8	9	1	10	10	11	12	3	7	12
3	170098069	170147255	1	2	3	1	4	5	6	7	8	1	9	9	10	11	3	6	11
3	170147255	170809474	1	2	3	1	4	5	6	7	8	1	9	9	10	11	12	6	12
3	170809474	170936310	1	2	3	1	4	5	6	7	8	9	10	10	11	12	13	6	13
3	170936310	170996604	1	2	3	1	4	5	6	7	8	9	10	11	12	13	14	15	15
3	170996604	172644491	1	2	3	4	5	6	7	8	9	10	11	12	13	14	15	16	16
3	172644491	173084880	1	2	3	4	5	6	7	8	9	10	6	11	12	13	14	15	15
3	173084880	173091841	1	2	3	4	5	4	6	7	8	9	4	10	11	12	13	14	14
3	173091841	173558646	1	2	3	4	5	4	6	7	8	9	10	11	12	13	14	15	15
3	173558646	173596355	1	2	3	4	5	4	6	4	7	8	9	10	11	12	13	14	14
3	173596355	173684643	1	2	3	4	5	4	6	4	7	8	9	10	11	12	13	8	13
3	173684643	174085193	1	2	3	4	5	4	6	4	3	7	8	9	10	11	12	7	12
3	174085193	174089712	1	2	3	4	5	4	6	4	3	7	8	9	10	11	12	13	13
3	174089712	174247709	1	2	3	4	5	4	6	4	7	8	9	10	11	12	13	14	14
3	174247709	174538299	1	2	3	4	5	4	6	7	8	9	10	11	12	13	14	15	15
3	174538299	175050058	1	2	3	4	5	6	7	8	9	10	11	12	13	14	15	16	16
3	175050058	176116188	1	2	3	4	5	6	7	8	3	9	10	11	12	13	14	15	15
3	176116188	176266025	1	2	3	4	5	6	7	8	3	1	9	10	11	12	13	14	14
3	176266025	176308177	1	2	3	4	5	6	7	8	3	1	9	10	11	12	13	1	13
3	176308177	176795079	1	2	3	4	5	6	7	8	3	1	8	9	10	1	11	1	11
3	176795079	176798900	1	2	3	4	5	6	7	8	3	1	9	10	11	1	12	1	12
3	176798900	177038122	1	2	3	4	5	6	7	8	3	1	9	10	11	12	13	1	13
3	177038122	177338228	1	2	3	4	5	6	7	8	3	1	9	10	11	12	13	14	14
3	177338228	177339789	1	2	3	4	5	6	7	6	3	1	8	9	10	11	12	13	13
3	177339789	177344322	1	2	3	4	5	6	4	6	3	7	8	9	10	11	12	13	13
3	177344322	177903266	1	2	3	4	5	1	4	1	3	6	7	8	9	10	11	12	12
3	177903266	178078942	1	2	3	4	5	1	6	1	3	7	8	9	10	11	12	13	13
3	178078942	178090560	1	2	3	4	5	1	6	7	3	8	9	10	11	12	13	14	14
3	178090560	179386578	1	2	3	4	5	6	7	8	3	9	10	11	12	13	14	15	15
3	179386578	179392221	1	1	2	3	4	5	6	7	2	8	9	10	11	12	13	14	14
3	179392221	179625329	1	1	2	3	4	5	6	7	2	8	9	10	1	11	12	13	13
3	179625329	179783924	1	1	2	3	4	5	6	7	2	8	9	10	1	11	12	5	12
3	179783924	180216927	1	1	2	3	4	5	6	6	2	7	2	8	1	9	10	5	10
3	180216927	180271824	1	1	2	3	4	5	6	6	2	7	2	8	1	9	10	11	11
3	180271824	180796786	1	1	2	3	4	5	6	6	2	7	2	8	1	9	2	10	10
3	180796786	180801732	1	2	3	4	5	6	7	7	3	8	3	9	2	10	3	11	11
3	180801732	180804176	1	2	3	4	5	6	7	7	3	8	9	10	2	11	9	12	12
3	180804176	180805024	1	2	3	4	5	6	7	8	3	9	10	11	2	12	10	13	13
3	180805024	180829820	1	2	3	4	5	6	7	8	3	9	10	11	2	12	13	14	14
3	180829820	180840466	1	2	3	4	5	6	7	8	3	9	10	11	2	12	13	1	13
3	180840466	181138748	1	2	3	4	5	6	7	8	3	9	10	11	12	13	14	1	14
3	181138748	181232805	1	2	3	4	5	6	7	8	3	9	10	11	12	13	14	15	15
3	181232805	181500607	1	2	3	4	5	6	7	8	3	9	10	11	12	13	14	4	14
3	181500607	181537193	1	2	3	4	5	6	7	8	3	9	10	11	12	13	14	15	15
3	181537193	181894957	1	2	3	4	5	6	7	8	9	10	11	12	13	14	15	16	16
3	181894957	182290361	1	2	3	4	5	6	7	8	3	9	10	11	12	13	14	15	15
3	182290361	182372531	1	2	3	4	1	5	6	7	3	8	9	10	11	12	13	14	14
3	182372531	182373977	1	2	3	4	1	5	6	7	3	8	9	10	11	2	12	13	13
3	182373977	182851251	1	2	3	4	1	5	6	7	3	2	8	9	10	2	11	12	12
3	182851251	183053357	1	2	3	4	1	5	6	7	3	2	8	9	10	11	12	13	13
3	183053357	183570446	1	2	3	4	1	5	6	7	3	8	9	10	11	12	13	14	14
3	183570446	183877171	1	2	3	4	1	5	6	7	3	7	8	9	10	11	12	13	13
3	183877171	183957662	1	2	3	4	1	5	6	7	3	8	9	10	11	12	13	14	14
3	183957662	184597385	1	2	3	4	5	6	7	8	3	9	10	11	12	13	14	15	15
3	184597385	184970479	1	2	3	4	5	6	7	8	3	9	10	11	12	5	13	14	14
3	184970479	184975002	1	2	3	4	5	6	7	8	3	9	10	11	12	13	14	15	15
3	184975002	185760539	1	2	3	4	5	6	7	8	3	9	10	11	12	1	13	14	14
3	185760539	186056826	1	2	3	4	5	6	7	8	3	9	10	11	12	13	14	15	15
3	186056826	186609061	1	2	3	4	5	6	7	8	3	9	10	11	12	13	14	1	14
3	186609061	186820580	1	2	3	4	5	6	7	8	3	9	10	11	12	13	6	1	13
3	186820580	187052492	1	2	3	4	5	6	7	8	3	9	10	11	12	13	6	14	14
3	187052492	187134473	1	2	3	4	5	6	7	8	3	9	10	11	12	13	14	15	15
3	187134473	187255333	1	2	3	4	5	6	7	8	9	10	11	12	13	14	15	16	16
3	187255333	187338224	1	2	3	4	5	6	7	8	3	9	10	11	12	13	14	15	15
3	187338224	187681505	1	2	3	4	5	6	7	8	3	9	10	11	12	13	14	4	14
3	187681505	187938452	1	2	3	4	5	1	6	7	3	8	5	9	10	11	12	4	12
3	187938452	188055731	1	2	3	4	1	1	5	6	3	7	1	8	9	10	11	4	11
3	188055731	188432105	1	2	3	4	1	1	5	6	3	7	1	8	9	1	10	4	10
3	188432105	188432235	1	2	3	4	1	1	5	6	3	7	8	9	10	8	11	4	11
3	188432235	188433173	1	2	3	4	1	1	5	6	3	7	8	9	10	11	12	4	12
3	188433173	188458253	1	2	3	4	1	5	6	7	3	8	9	10	11	12	13	4	13
3	188458253	188676932	1	2	3	4	1	1	5	6	3	5	7	8	7	9	10	4	10
3	188676932	188866408	1	2	3	4	5	5	6	7	3	6	8	9	8	10	11	4	11
3	188866408	188867372	1	2	3	4	5	5	6	7	3	8	9	10	9	11	12	4	12
3	188867372	188907691	1	2	3	4	5	5	6	7	3	8	9	10	11	12	13	4	13
3	188907691	188979676	1	2	3	4	5	5	6	7	3	8	9	10	11	12	13	14	14
3	188979676	189145557	1	2	3	4	5	6	7	8	3	9	10	11	12	13	14	15	15
3	189145557	189146409	1	2	3	4	4	5	6	7	3	8	9	10	11	12	13	14	14
3	189146409	189581129	1	2	3	4	4	5	2	6	3	7	8	9	10	11	11	12	12
3	189581129	189714458	1	2	3	4	4	5	2	6	3	7	8	9	10	11	12	13	13
3	189714458	189961518	1	2	3	4	4	5	6	7	3	8	9	10	11	12	13	14	14
3	189961518	190635984	1	2	3	4	5	6	7	8	3	9	10	11	12	13	14	15	15
3	190635984	190704379	1	2	3	4	5	6	7	8	3	9	10	11	2	12	13	14	14
3	190704379	191230152	1	2	3	4	5	6	7	8	3	9	10	11	2	4	12	13	13
3	191230152	191270317	1	2	3	4	5	6	7	8	3	9	10	11	2	12	13	14	14
3	191270317	191577249	1	2	3	4	5	6	7	8	3	9	10	11	12	13	14	15	15
3	191577249	192253093	1	2	3	4	5	6	7	8	3	9	10	11	12	13	13	14	14
3	192253093	192253948	1	2	3	4	5	6	7	8	3	9	10	11	12	1	1	13	13
3	192253948	192350140	1	2	3	4	5	6	7	8	3	9	10	11	12	1	13	14	14
3	192350140	193002604	1	2	3	4	5	6	7	8	3	9	7	10	11	1	12	13	13
3	193002604	193236931	1	2	3	4	5	6	7	8	3	9	10	11	12	1	13	14	14
3	193236931	193926371	1	2	3	4	5	6	7	8	3	9	10	11	1	1	12	13	13
3	193926371	194739893	1	2	3	4	5	6	7	8	3	9	10	11	12	1	13	14	14
3	194739893	195680790	1	2	3	4	5	6	7	8	3	9	10	11	12	1	8	13	13
3	195680790	195695250	1	2	3	4	5	6	7	8	9	10	11	12	13	1	8	14	14
3	195695250	196098797	1	2	3	4	5	6	7	8	3	9	10	11	12	1	8	13	13
3	196098797	197019450	1	2	3	4	5	6	7	8	3	9	10	11	12	13	8	14	14
3	197019450	197457163	1	2	3	4	5	6	7	8	3	9	10	11	12	13	14	15	15
3	197457163	197813662	1	2	3	4	5	6	7	8	3	9	10	11	12	10	13	14	14
3	197813662	197948546	1	2	3	4	5	6	7	8	3	9	10	11	12	10	13	12	13
3	197948546	198588204	1	2	3	4	5	6	7	8	3	9	10	11	1	10	12	1	12
3	198588204	198727176	1	2	3	4	5	6	7	8	3	9	10	11	1	12	13	1	13
3	198727176	198904470	1	2	3	4	5	6	7	8	3	9	10	11	1	12	1	1	12
3	198904470	199102253	1	2	3	4	5	6	7	8	3	9	10	11	1	12	13	13	13
3	199102253	199103304	1	2	3	4	5	6	7	8	9	10	11	12	1	13	14	14	14
3	199103304	199614168	1	2	3	4	5	6	7	8	3	9	10	11	1	12	13	13	13
3	199614168	199768941	1	2	3	4	5	6	7	8	3	9	10	11	1	12	13	14	14
3	199768941	200059544	1	2	3	4	5	6	7	8	3	9	10	11	12	13	14	15	15
3	200059544	200062635	1	2	3	4	5	2	6	7	3	8	9	10	11	12	13	14	14
3	200062635	201129534	1	2	3	4	5	2	6	2	3	7	8	9	10	11	12	13	13
3	201129534	201130033	1	2	3	4	5	6	7	2	3	8	9	10	11	12	13	14	14
3	201130033	201337223	1	2	3	4	5	2	6	2	3	7	8	9	10	11	12	13	13
3	201337223	201469658	1	2	3	4	5	2	6	2	3	7	8	9	10	11	11	12	12
3	201469658	201755167	1	2	3	4	5	2	6	7	3	8	9	10	11	12	12	13	13
3	201755167	202331615	1	2	3	4	5	2	6	7	3	8	9	10	11	4	4	12	12
3	202331615	202357777	1	2	3	4	5	2	6	7	3	8	9	10	11	12	12	13	13
3	202357777	202365057	1	2	3	4	5	2	6	7	3	8	9	10	11	12	13	14	14
3	202365057	202365136	1	2	3	4	5	2	6	5	3	7	8	9	10	11	12	13	13
3	202365136	202422659	1	2	3	4	5	6	7	5	3	8	9	10	11	12	13	14	14
3	202422659	202717190	1	2	3	4	5	6	7	5	3	3	8	9	10	11	12	13	13
3	202717190	203313822	1	2	3	4	5	6	7	5	3	3	3	8	9	10	11	12	12
3	203313822	203338240	1	2	3	4	5	6	7	8	9	3	3	10	11	12	13	14	14
3	203338240	203609338	1	2	3	4	5	6	7	5	3	3	3	8	9	10	11	12	12
3	203609338	204177327	1	1	2	3	4	5	6	4	2	2	2	7	8	9	10	11	11
3	204177327	204179593	1	2	3	4	5	6	7	5	3	3	3	8	9	10	11	12	12
3	204179593	204181962	1	2	3	4	5	6	7	5	3	8	8	9	10	11	12	13	13
3	204181962	204440190	1	2	3	4	5	6	7	5	3	8	9	10	11	12	13	14	14
3	204440190	204509178	1	2	3	4	5	6	7	5	3	8	9	10	2	11	12	13	13
3	204509178	204594671	1	2	3	4	5	5	6	5	3	7	8	9	2	10	11	12	12
3	204594671	205206930	1	1	2	3	4	4	5	4	2	6	7	8	1	9	10	11	11
3	205206930	205241023	1	1	2	3	4	4	5	4	2	6	7	8	1	9	4	10	10
3	205241023	206098157	1	1	2	3	4	5	6	4	2	7	8	9	1	10	5	11	11
3	206098157	206151959	1	1	2	3	3	4	5	3	2	6	7	8	1	9	4	10	10
3	206151959	206179462	1	1	2	3	3	4	5	3	2	2	6	7	1	8	4	9	9
3	206179462	206678321	1	1	2	3	3	4	5	3	2	2	6	7	1	8	4	6	8
3	206678321	206992512	1	1	2	3	3	4	5	3	2	6	7	8	1	9	4	7	9
3	206992512	207388656	1	1	2	3	3	4	5	3	2	4	6	7	1	8	4	6	8
3	207388656	207388794	1	1	2	3	4	5	6	4	2	5	7	8	1	9	5	7	9
3	207388794	207692245	1	1	2	3	3	4	5	3	2	4	6	7	1	8	4	6	8
3	207692245	207727598	1	1	2	3	3	4	5	3	2	6	7	8	1	9	4	7	9
3	207727598	207752444	1	1	2	3	4	5	6	4	2	7	8	9	1	10	5	8	10
3	207752444	207933259	1	1	2	3	4	4	5	4	2	6	7	8	1	9	4	7	9
3	207933259	207943428	1	1	2	3	4	4	5	4	2	6	7	8	1	9	4	10	10
3	207943428	207955913	1	1	2	3	4	5	6	4	2	7	8	9	1	10	4	11	11
3	207955913	207990083	1	1	2	3	4	5	6	7	2	8	9	10	1	11	7	12	12
3	207990083	208313816	1	1	2	3	4	5	6	1	2	7	8	9	1	10	1	11	11
3	208313816	208316859	1	1	2	3	1	4	5	1	2	6	7	8	1	9	1	10	10
3	208316859	208414418	1	1	2	3	4	5	6	4	2	7	8	9	1	10	1	11	11
3	208414418	208699651	1	1	2	3	4	5	6	4	2	7	8	9	1	10	11	12	12
3	208699651	208814843	1	2	3	4	5	6	7	5	3	8	9	10	2	11	12	13	13
3	208814843	208852899	1	2	3	4	5	6	7	5	3	8	9	10	2	11	12	1	12
3	208852899	208855752	1	2	3	4	5	6	7	8	3	9	10	11	2	12	13	1	13
3	208855752	208864952	1	2	3	4	2	5	6	7	3	4	8	9	2	10	11	1	11
3	208864952	209045762	1	2	3	4	2	5	6	2	3	4	7	8	2	9	10	1	10
3	209045762	209304628	1	2	3	4	2	1	5	2	3	4	6	7	2	8	9	1	9
3	209304628	209336364	1	2	3	4	2	5	6	2	3	4	7	8	2	9	10	1	10
3	209336364	209427739	1	2	3	4	2	5	6	2	3	7	8	9	2	10	11	1	11
3	209427739	209432593	1	2	3	4	2	5	6	2	7	8	9	10	11	12	13	1	13
3	209432593	209503467	1	2	3	4	2	5	6	2	3	7	8	9	2	10	11	1	11
3	209503467	209674337	1	2	3	4	2	5	6	2	3	7	2	8	2	9	10	1	10
3	209674337	209678363	1	2	3	4	2	5	6	7	3	8	7	9	2	10	11	1	11
3	209678363	209682885	1	2	3	4	2	5	6	7	3	8	7	9	2	10	8	1	10
3	209682885	209737458	1	2	3	4	2	1	5	6	3	7	6	8	2	9	7	1	9
3	209737458	209920505	1	2	3	4	2	1	5	6	3	7	6	8	2	9	7	10	10
3	209920505	210022457	1	2	3	4	2	1	5	6	3	7	6	8	2	9	10	11	11
3	210022457	210068804	1	2	3	4	2	1	5	6	3	7	8	9	2	10	11	12	12
3	210068804	210069051	1	2	3	4	5	1	6	7	3	8	9	10	2	11	7	12	12
3	210069051	210163585	1	2	3	4	5	6	7	8	3	9	10	11	2	12	8	13	13
3	210163585	210465501	1	2	3	4	5	6	7	2	3	8	9	10	2	11	2	12	12
3	210465501	210592343	1	2	3	4	5	6	7	2	3	8	9	10	2	11	2	5	11
3	210592343	210829138	1	2	3	4	5	6	7	8	3	9	10	11	2	12	2	5	12
3	210829138	211084689	1	2	3	4	5	1	6	7	3	8	9	10	2	11	2	5	11
3	211084689	211087527	1	2	3	4	5	1	6	7	3	8	9	10	2	11	12	5	12
3	211087527	211315299	1	2	3	4	5	1	6	7	3	8	9	10	2	11	4	5	11
3	211315299	211450071	1	2	3	4	5	6	7	8	3	9	10	11	2	12	4	5	12
3	211450071	211513845	1	2	3	4	5	6	7	8	3	9	10	11	2	12	13	5	13
3	211513845	211758807	1	2	3	4	5	6	7	4	3	8	9	10	2	11	12	5	12
3	211758807	211985749	1	2	3	4	5	6	3	4	3	7	8	9	2	10	11	5	11
3	211985749	212104714	1	2	3	4	5	6	3	7	3	8	9	10	2	11	12	5	12
3	212104714	212711438	1	2	3	4	5	6	7	8	3	9	10	11	2	12	13	5	13
3	212711438	212731684	1	2	3	4	5	6	7	4	3	8	9	10	2	11	12	5	12
3	212731684	212845001	1	2	3	4	5	6	7	4	3	8	9	10	2	11	9	5	11
3	212845001	213169918	1	2	3	4	5	6	7	4	3	8	1	9	2	10	1	5	10
3	213169918	213267867	1	2	3	4	5	6	7	8	3	9	1	10	2	11	1	5	11
3	213267867	213343102	1	2	3	4	5	6	7	8	3	9	10	11	2	12	1	5	12
3	213343102	214618790	1	2	3	4	5	6	7	8	3	9	10	11	2	12	13	5	13
3	214618790	214763630	1	2	3	4	5	6	7	1	3	8	9	10	2	11	12	5	12
3	214763630	214776996	1	2	3	4	5	6	7	1	3	8	9	10	2	5	11	5	11
3	214776996	214928281	1	2	3	4	5	6	7	1	3	8	6	9	2	5	10	5	10
3	214928281	214952254	1	2	3	4	5	6	7	1	3	8	6	9	2	5	10	11	11
3	214952254	215216478	1	2	3	4	5	6	7	1	3	8	6	9	2	5	10	5	10
3	215216478	215261954	1	2	3	4	5	6	7	1	3	8	9	10	2	5	11	5	11
3	215261954	215344271	1	2	3	4	5	6	7	1	3	8	9	10	2	11	12	5	12
3	215344271	215346218	1	2	3	4	5	6	7	1	3	8	9	10	2	11	5	5	11
3	215346218	216310434	1	2	3	4	5	6	7	8	3	9	10	11	2	12	5	5	12
3	216310434	216400405	1	2	3	4	5	6	7	8	3	9	10	11	2	12	13	5	13
3	216400405	216400697	1	2	3	4	5	6	7	8	3	9	10	11	2	12	5	5	12
3	216400697	216406089	1	2	3	4	5	6	7	8	3	9	10	11	2	12	5	13	13
3	216406089	216933149	1	2	3	4	5	6	7	8	3	9	10	11	2	12	5	5	12
3	216933149	216937232	1	2	3	4	5	6	7	8	3	9	10	11	12	13	5	14	14
3	216937232	217296882	1	2	3	4	5	6	7	8	3	9	10	11	2	12	5	13	13
3	217296882	217471814	1	2	3	4	5	6	7	8	3	9	10	11	2	12	13	14	14
3	217471814	217473364	1	2	3	4	5	5	6	7	3	8	9	10	2	11	12	13	13
3	217473364	217515844	1	2	3	4	5	5	6	7	8	9	10	11	2	12	13	14	14
3	217515844	217736909	1	2	3	4	5	5	6	7	8	9	10	11	2	12	12	13	13
3	217736909	218043830	1	2	3	4	5	5	6	7	3	8	9	10	2	11	11	12	12
3	218043830	218141419	1	2	3	4	5	6	7	8	3	9	10	11	2	12	12	13	13
3	218141419	218237455	1	2	3	4	5	6	7	8	3	9	10	11	12	13	13	14	14
3	218237455	218247494	1	2	3	4	5	6	7	8	3	9	10	11	2	12	12	13	13
3	218247494	218526109	1	2	3	4	5	6	7	8	3	9	10	11	2	12	13	14	14
3	218526109	218640885	1	2	3	4	5	6	7	8	3	5	9	10	2	11	12	13	13
3	218640885	218668864	1	2	3	4	5	6	7	8	3	5	9	10	2	8	11	12	12
3	218668864	218799675	1	2	3	4	5	1	6	7	3	5	8	9	2	7	10	11	11
3	218799675	218799860	1	2	3	4	5	1	6	7	3	8	9	10	2	7	11	12	12
3	218799860	218957999	1	2	3	4	5	1	6	7	3	5	8	9	2	7	10	11	11
3	218957999	219033891	1	2	3	4	5	1	6	7	3	5	8	9	2	10	11	12	12
3	219033891	219044864	1	2	3	4	5	1	6	7	3	8	9	10	2	11	12	13	13
3	219044864	219091604	1	2	3	4	5	6	7	8	3	9	10	11	2	12	13	14	14
3	219091604	219130354	1	2	3	4	5	6	7	8	3	9	10	11	2	12	13	7	13
3	219130354	219139518	1	2	3	4	5	6	7	8	3	9	10	11	2	12	4	7	12
3	219139518	219357515	1	2	3	1	4	5	6	7	3	8	9	10	2	11	1	6	11
3	219357515	219357618	1	2	3	1	4	5	6	7	3	8	9	10	2	11	1	12	12
3	219357618	219362475	1	2	3	1	4	5	6	7	3	8	9	10	2	11	12	13	13
3	219362475	219869066	1	2	3	4	5	6	7	8	3	9	10	11	2	12	13	14	14
3	219869066	219883634	1	2	3	4	5	6	7	8	3	9	10	11	2	12	13	5	13
3	219883634	219913346	1	2	3	4	5	6	7	8	3	9	10	11	12	13	14	5	14
3	219913346	220897410	1	2	3	4	5	6	7	8	3	9	10	11	2	12	13	5	13
3	220897410	221163928	1	2	3	4	5	6	7	8	3	9	10	11	2	12	10	5	12
3	221163928	221549321	1	2	3	4	5	6	7	8	3	9	10	11	2	12	13	5	13
3	221549321	221554105	1	2	3	4	2	5	6	7	3	8	9	10	2	11	12	2	12
3	221554105	221731257	1	2	3	4	2	5	6	7	3	8	9	10	2	8	11	2	11
3	221731257	221757423	1	2	3	4	2	5	6	7	3	8	9	10	2	11	12	2	12
3	221757423	221792404	1	2	3	4	2	5	6	7	8	9	10	11	2	12	13	2	13
3	221792404	221799655	1	2	3	4	2	5	6	7	3	8	9	10	2	11	12	2	12
3	221799655	221965139	1	2	3	4	5	6	7	8	3	9	10	11	2	12	13	5	13
3	221965139	222753395	1	2	3	4	5	6	7	8	3	9	10	11	2	4	12	5	12
3	222753395	222918583	1	2	3	4	5	6	7	8	3	9	10	11	2	12	13	5	13
3	222918583	223153098	1	2	3	4	5	6	7	8	3	5	9	10	2	11	12	5	12
3	223153098	223519514	1	2	3	4	5	6	7	8	3	9	10	11	2	12	13	5	13
3	223519514	223523772	1	2	3	4	5	6	7	8	3	9	2	10	2	11	12	5	12
3	223523772	224015410	1	2	3	4	4	5	6	7	3	8	2	9	2	10	11	4	11
3	224015410	224037806	1	2	3	4	4	5	6	7	3	8	2	9	10	11	12	13	13
3	224037806	224046767	1	2	3	4	4	5	6	7	3	8	9	10	11	12	13	14	14
3	224046767	224216625	1	2	3	4	4	5	6	7	3	8	9	10	2	11	12	4	12
3	224216625	224492132	1	2	3	4	5	6	7	8	3	9	10	11	2	12	13	5	13
3	224492132	224499830	1	2	3	4	5	6	7	8	3	9	10	11	2	12	13	14	14
3	224499830	225288340	1	2	3	4	5	6	7	8	3	9	10	11	2	12	13	5	13
3	225288340	225458063	1	2	3	4	5	6	7	8	3	9	10	11	2	12	1	5	12
3	225458063	225459307	1	2	3	4	1	5	6	7	3	8	9	10	2	11	1	1	11
3	225459307	225470162	1	2	3	4	5	6	7	8	3	9	10	11	2	12	5	5	12
3	225470162	226234393	1	2	3	4	5	6	7	8	3	9	10	11	2	12	13	13	13
3	226234393	226364838	1	2	3	4	5	6	7	8	3	9	10	11	2	12	13	14	14
3	226364838	226714252	1	2	2	3	4	5	6	7	2	8	9	10	2	11	12	13	13
3	226714252	226848872	1	2	3	4	5	6	7	8	3	9	10	11	2	12	13	14	14
3	226848872	226872796	1	2	3	4	5	6	7	4	3	8	9	10	2	11	12	1	12
3	226872796	227045769	1	2	3	1	4	5	6	1	3	7	8	9	2	10	11	1	11
3	227045769	227053415	1	2	3	4	5	6	7	1	3	8	9	10	2	11	12	1	12
3	227053415	227288684	1	2	3	4	5	6	7	8	3	9	10	11	2	12	13	8	13
3	227288684	227752366	1	2	3	4	5	6	7	8	3	9	10	11	2	12	13	14	14
3	227752366	227753321	1	2	3	4	5	6	3	7	3	8	9	10	2	11	12	13	13
3	227753321	227987893	1	2	3	4	5	6	3	7	3	8	9	10	2	11	6	12	12
3	227987893	228050887	1	2	3	4	5	6	3	7	3	8	9	10	2	11	12	13	13
3	228050887	228350507	1	2	3	4	5	6	7	8	3	9	10	11	2	12	13	14	14
3	228350507	228355302	1	2	3	4	5	6	7	8	3	9	10	11	12	13	14	15	15
3	228355302	228815897	1	2	3	4	5	6	7	8	3	9	10	11	2	12	13	14	14
3	228815897	228875719	1	2	3	4	5	6	7	8	3	9	10	11	12	13	14	15	15
3	228875719	228991692	1	2	3	4	5	6	3	7	3	8	9	10	11	12	13	14	14
3	228991692	229238134	1	2	3	4	5	6	3	7	3	8	2	9	10	11	12	13	13
3	229238134	229257275	1	2	3	4	5	6	3	7	3	8	9	10	11	12	13	14	14
3	229257275	229590936	1	2	3	4	5	6	7	8	3	9	10	11	12	13	14	15	15
3	229590936	229599875	1	2	3	4	5	6	7	8	3	9	10	11	12	13	14	4	14
3	229599875	229669443	1	2	3	4	5	6	7	8	3	9	10	11	4	12	13	4	13
3	229669443	229673918	1	2	3	4	5	6	7	8	3	9	9	10	4	11	12	4	12
3	229673918	229719037	1	2	3	4	5	6	7	8	3	9	9	5	4	10	11	4	11
3	229719037	230012835	1	1	2	3	4	5	6	7	2	8	8	4	3	9	10	3	10
3	230012835	230175685	1	2	3	4	5	6	7	8	3	9	9	5	4	10	11	4	11
3	230175685	230184549	1	2	3	4	5	6	7	8	3	8	8	5	4	9	10	4	10
3	230184549	230184762	1	2	3	4	5	6	7	8	3	8	9	5	4	10	11	4	11
3	230184762	230336717	1	2	3	4	5	6	7	8	3	8	9	10	4	11	12	4	12
3	230336717	230340297	1	2	3	4	5	6	7	8	3	8	9	10	4	11	6	4	11
3	230340297	230399147	1	2	3	4	5	6	7	8	3	8	9	10	11	12	6	4	12
3	230399147	230681333	1	2	3	4	5	6	7	8	3	8	9	10	11	12	6	13	13
3	230681333	230685363	1	2	3	4	5	6	7	8	3	8	9	10	11	12	13	14	14
3	230685363	230685788	1	2	3	4	5	6	7	8	3	9	10	11	12	13	14	15	15
3	230685788	230741042	1	2	3	4	5	4	6	7	3	8	9	10	11	12	13	14	14
3	230741042	230788464	1	2	3	4	5	4	6	7	3	8	9	10	11	12	13	6	13
3	230788464	231108636	1	2	3	4	5	4	6	7	3	8	6	9	10	11	12	6	12
3	231108636	231133676	1	2	3	4	5	4	6	7	3	8	9	10	11	12	13	6	13
3	231133676	231357761	1	2	3	4	5	4	6	7	3	8	9	10	11	12	13	14	14
3	231357761	231390016	1	2	3	4	5	4	6	7	3	8	9	10	2	11	12	13	13
3	231390016	231611761	1	2	3	4	2	4	5	6	3	7	8	9	2	10	11	5	11
3	231611761	231672401	1	2	3	4	2	4	5	6	3	5	7	8	2	9	10	5	10
3	231672401	231733793	1	2	3	4	5	4	6	7	3	8	9	10	5	11	12	8	12
3	231733793	231735147	1	2	3	4	5	4	6	7	3	8	9	10	11	12	13	8	13
3	231735147	231735707	1	2	3	4	5	4	6	7	3	8	9	10	8	11	12	8	12
3	231735707	232296645	1	2	3	4	5	4	6	7	3	8	4	9	8	10	11	8	11
3	232296645	232375154	1	2	3	4	5	4	6	7	3	8	9	10	8	11	12	8	12
3	232375154	232378364	1	2	3	4	5	4	6	7	3	8	9	10	8	11	8	8	11
3	232378364	232477843	1	2	3	4	5	4	6	1	3	7	8	9	7	10	7	7	10
3	232477843	232488148	1	2	3	4	5	4	6	1	3	7	8	9	7	6	7	7	9
3	232488148	232498244	1	2	3	4	5	4	6	1	3	7	8	9	10	6	10	10	10
3	232498244	232526078	1	2	3	4	5	4	6	1	3	7	8	9	10	6	11	11	11
3	232526078	232798235	1	2	3	4	5	4	6	1	3	7	8	9	10	6	10	10	10
3	232798235	232915572	1	2	3	4	5	4	6	1	3	7	8	9	10	11	10	10	11
3	232915572	233005964	1	2	3	4	5	4	6	7	3	8	9	10	11	12	11	11	12
3	233005964	233037438	1	2	3	1	4	1	5	6	3	7	8	9	10	11	10	10	11
3	233037438	233152981	1	2	3	1	4	1	5	6	3	7	8	9	10	11	12	10	12
3	233152981	233159746	1	2	3	1	4	1	5	6	3	7	8	9	10	11	12	13	13
3	233159746	233257861	1	2	3	1	4	1	5	6	3	7	8	9	10	11	12	10	12
3	233257861	233390421	1	2	3	1	4	5	6	7	3	8	9	10	11	12	13	11	13
3	233390421	233443452	1	2	3	1	4	5	6	7	8	9	10	11	12	13	14	15	15
3	233443452	233492272	1	2	3	1	4	5	6	7	3	8	9	10	11	12	13	14	14
3	233492272	233499975	1	2	3	1	4	5	6	7	3	8	9	6	10	11	12	13	13
3	233499975	233627638	1	2	3	1	4	5	6	7	3	8	9	6	10	7	11	12	12
3	233627638	233673391	1	2	3	4	5	6	7	8	3	9	10	7	11	8	12	13	13
3	233673391	233674662	1	2	3	4	5	6	7	8	3	9	10	11	12	8	13	14	14
3	233674662	233748609	1	2	3	1	4	5	6	7	3	8	9	10	5	7	11	12	12
3	233748609	233752159	1	2	3	1	4	5	6	7	3	8	9	10	5	11	12	13	13
3	233752159	233813273	1	2	3	1	4	5	6	7	3	8	9	10	5	3	11	12	12
3	233813273	233922134	1	2	3	1	4	5	6	4	3	7	8	9	5	3	10	11	11
3	233922134	233937234	1	2	3	1	4	5	6	4	3	7	8	9	5	10	11	12	12
3	233937234	233949554	1	2	3	1	4	5	6	4	3	7	8	9	10	11	12	13	13
3	233949554	234079620	1	2	3	4	5	6	7	5	3	8	9	10	11	12	13	14	14
3	234079620	234081031	1	2	3	4	5	6	7	8	3	9	10	11	12	13	14	15	15
3	234081031	234242534	1	2	3	4	5	6	7	8	3	9	10	11	12	13	14	12	14
3	234242534	234430551	1	2	3	4	5	6	7	8	3	9	10	11	6	12	13	6	13
3	234430551	234815950	1	2	3	4	5	6	7	8	3	9	10	11	12	13	14	6	14
3	234815950	234929834	1	2	3	4	5	4	6	7	3	8	9	10	11	12	13	4	13
3	234929834	235604081	1	2	3	4	5	4	6	7	3	8	9	10	11	12	13	14	14
