chrom	start	end	B73_inra	A632_usa	CO255_inra	FV252_inra	OH43_inra	A654_inra	FV2_inra	C103_inra	EP1_inra	D105_inra	W117_inra	B96	DK63	F492	ND245	VA85	n_haps
4	168673	234900	1	2	3	4	5	6	7	8	9	10	11	12	1	13	14	8	14
4	234900	296703	1	2	3	4	5	6	7	2	8	9	6	10	1	1	5	2	10
4	296703	699706	1	2	3	4	5	6	7	2	8	9	6	4	1	1	5	2	9
4	699706	917040	1	2	3	4	5	6	7	2	8	3	6	4	1	1	5	2	8
4	917040	921131	1	2	3	4	3	5	6	2	7	3	5	8	1	1	3	2	8
4	921131	924326	1	2	3	4	5	6	7	2	8	5	6	9	1	1	5	2	9
4	924326	980486	1	2	3	4	5	6	7	8	9	5	6	10	1	1	5	8	10
4	980486	981657	1	2	3	4	5	6	7	8	9	5	10	11	1	1	5	8	11
4	981657	1045477	1	2	3	4	3	5	6	7	8	3	9	10	1	1	3	7	10
4	1045477	1197906	1	2	3	4	3	5	6	7	8	3	9	10	1	1	3	11	11
4	1197906	1277664	1	2	3	4	3	3	5	6	7	3	8	9	1	1	3	10	10
4	1277664	1284503	1	2	3	4	5	5	6	7	8	3	9	10	1	1	5	11	11
4	1284503	1369532	1	2	3	4	5	5	6	7	8	3	2	9	1	1	5	10	10
4	1369532	1445526	1	2	3	4	5	5	6	7	8	9	2	10	1	1	5	11	11
4	1445526	1473058	1	2	3	4	5	6	7	8	9	10	2	11	1	1	5	12	12
4	1473058	1476799	1	2	3	4	5	6	7	8	9	10	2	11	1	1	5	1	11
4	1476799	1529004	1	2	3	4	5	6	7	8	9	10	11	12	1	13	5	13	13
4	1529004	1714470	1	2	3	4	5	6	7	1	8	9	10	11	1	12	5	12	12
4	1714470	1749817	1	2	3	4	5	6	7	1	8	9	10	11	1	12	5	13	13
4	1749817	1768241	1	2	3	4	5	6	7	1	8	9	10	11	1	1	5	12	12
4	1768241	1860494	1	2	3	4	5	6	7	1	8	9	10	11	12	12	5	13	13
4	1860494	1862554	1	2	3	4	5	6	7	8	9	10	11	12	13	13	5	14	14
4	1862554	2669992	1	2	3	4	5	6	7	8	9	10	11	12	1	1	5	13	13
4	2669992	2964617	1	2	3	4	5	6	7	8	9	10	11	12	1	13	5	14	14
4	2964617	2978212	1	2	3	4	5	6	7	8	9	10	11	12	13	14	5	15	15
4	2978212	3340108	1	2	3	4	5	6	7	8	9	10	11	12	1	13	5	14	14
4	3340108	3344711	1	2	3	4	5	6	7	8	9	10	11	12	13	14	5	15	15
4	3344711	3350652	1	2	3	4	5	6	7	8	9	10	11	12	1	13	5	14	14
4	3350652	3441723	1	2	3	4	5	6	7	8	9	10	11	12	1	13	5	13	13
4	3441723	3496936	1	2	3	4	5	6	7	8	9	10	11	12	1	13	14	13	14
4	3496936	3498915	1	2	3	4	5	6	7	8	9	10	11	12	1	13	14	15	15
4	3498915	3600932	1	2	3	4	5	6	7	8	9	10	11	12	1	13	14	11	14
4	3600932	3649318	1	2	3	4	5	6	7	8	9	10	11	12	13	14	15	11	15
4	3649318	4143819	1	2	3	4	5	6	7	8	9	10	11	12	13	14	15	16	16
4	4143819	4182304	1	2	3	4	5	6	7	5	8	9	10	11	12	13	14	15	15
4	4182304	4422712	1	2	3	4	5	6	7	5	8	4	9	10	11	12	13	14	14
4	4422712	4473246	1	2	3	4	5	6	7	5	8	9	10	11	12	13	14	15	15
4	4473246	4475281	1	2	3	4	5	6	7	5	8	9	10	11	12	13	14	3	14
4	4475281	4523351	1	2	3	4	5	6	7	5	8	9	10	8	11	12	13	3	13
4	4523351	4610162	1	2	3	4	5	6	7	5	8	9	2	8	10	11	12	3	12
4	4610162	4715911	1	2	3	4	5	6	7	5	8	9	2	10	11	12	13	3	13
4	4715911	4785873	1	2	3	4	5	6	7	5	8	9	2	10	11	12	13	14	14
4	4785873	5014172	1	2	3	4	5	6	7	8	9	10	11	12	13	14	15	16	16
4	5014172	5146445	1	2	1	3	4	5	6	7	8	9	10	11	12	13	14	15	15
4	5146445	5253565	1	2	1	3	4	5	6	7	8	9	10	11	12	13	7	14	14
4	5253565	5255972	1	1	1	2	3	4	5	6	7	8	9	10	11	12	6	13	13
4	5255972	5325323	1	1	2	3	4	5	6	7	8	9	10	11	12	13	7	14	14
4	5325323	5617859	1	1	2	3	4	5	6	7	8	9	10	11	12	13	14	15	15
4	5617859	5624758	1	1	2	3	4	1	5	6	7	8	9	10	11	12	13	14	14
4	5624758	5644302	1	2	3	4	5	2	6	7	8	9	10	11	12	13	14	15	15
4	5644302	5740383	1	1	2	3	4	1	5	6	7	8	9	10	11	12	13	14	14
4	5740383	5743070	1	2	3	4	5	1	6	7	8	9	10	11	12	13	14	15	15
4	5743070	5753125	1	1	2	3	4	1	5	6	7	8	9	10	11	12	13	14	14
4	5753125	5797794	1	1	2	3	4	1	5	4	6	7	8	9	10	11	12	13	13
4	5797794	5850468	1	1	2	3	4	5	6	4	7	8	9	10	11	12	13	14	14
4	5850468	6032473	1	1	2	3	4	5	6	4	7	8	9	10	11	12	2	13	13
4	6032473	6125865	1	1	2	3	4	5	6	7	8	9	10	11	12	13	2	14	14
4	6125865	6126370	1	2	3	4	5	6	7	8	9	10	11	12	13	14	3	15	15
4	6126370	6129841	1	2	3	4	5	6	7	8	9	10	11	12	13	14	15	16	16
4	6129841	6152915	1	2	3	4	5	1	6	7	8	9	10	11	12	13	14	15	15
4	6152915	6154077	1	2	3	4	5	1	6	7	8	9	5	10	11	12	13	14	14
4	6154077	6154166	1	2	3	4	5	1	6	7	8	9	5	10	7	11	12	13	13
4	6154166	6225198	1	2	3	4	5	1	6	7	6	8	5	9	7	10	11	12	12
4	6225198	6234328	1	2	3	4	5	1	6	4	6	7	5	8	4	9	10	11	11
4	6234328	6234464	1	2	3	4	5	1	6	4	6	7	5	8	4	9	10	7	10
4	6234464	6487311	1	2	3	4	5	1	6	4	6	7	5	8	4	2	9	7	9
4	6487311	6599976	1	2	3	4	5	1	6	4	6	4	5	7	4	2	8	4	8
4	6599976	6609182	1	2	3	4	5	1	6	7	6	7	5	8	4	2	9	7	9
4	6609182	6627723	1	2	3	4	5	1	6	7	6	7	5	8	4	9	10	7	10
4	6627723	6685711	1	2	3	4	5	1	6	7	6	7	5	8	4	9	10	11	11
4	6685711	6687358	1	2	3	4	5	1	6	7	6	7	8	9	4	10	11	12	12
4	6687358	6760223	1	2	3	4	5	1	6	7	6	7	8	9	10	11	12	13	13
4	6760223	6771718	1	2	3	4	5	6	7	8	7	9	10	11	12	13	14	15	15
4	6771718	6778484	1	2	3	4	5	6	7	8	7	9	10	11	1	12	13	14	14
4	6778484	6911274	1	2	3	4	5	6	7	8	9	10	11	12	1	13	14	15	15
4	6911274	6914432	1	2	3	4	5	6	7	8	3	9	10	11	1	12	13	14	14
4	6914432	6971470	1	2	3	4	5	6	7	5	3	8	9	10	1	11	12	13	13
4	6971470	7053865	1	2	3	4	5	6	7	5	3	8	9	10	11	12	13	14	14
4	7053865	7190064	1	2	3	4	5	2	6	5	3	7	8	9	10	11	12	13	13
4	7190064	7220927	1	2	3	4	5	2	6	7	3	8	9	10	11	12	13	14	14
4	7220927	7231789	1	2	3	4	5	2	6	7	8	9	10	11	12	13	14	15	15
4	7231789	7280823	1	2	3	4	5	2	6	7	8	9	10	11	12	13	14	2	14
4	7280823	7327538	1	2	3	4	5	6	7	8	9	10	11	12	13	14	15	2	15
4	7327538	7404862	1	2	3	4	1	5	6	7	8	9	10	11	12	13	14	2	14
4	7404862	7581244	1	2	3	4	1	5	6	7	8	9	10	11	12	13	14	15	15
4	7581244	8105546	1	2	3	4	5	6	7	8	9	10	11	12	13	14	15	16	16
4	8105546	8273602	1	2	3	4	5	6	7	8	7	9	10	11	12	13	14	15	15
4	8273602	8349976	1	2	3	4	5	6	7	8	7	9	8	10	11	12	13	14	14
4	8349976	9225091	1	2	3	4	5	6	7	8	7	9	8	10	11	12	13	5	13
4	9225091	9241057	1	2	3	4	5	1	6	7	6	8	7	9	10	11	12	5	12
4	9241057	9350847	1	2	3	4	5	1	3	6	3	7	6	8	9	10	11	5	11
4	9350847	9350920	1	2	3	4	5	1	3	6	3	7	6	5	8	9	10	5	10
4	9350920	9807845	1	2	3	4	5	1	3	6	3	7	6	5	8	9	10	11	11
4	9807845	9860313	1	2	3	4	5	1	3	6	7	8	6	5	9	10	11	12	12
4	9860313	9975941	1	2	3	4	5	1	3	6	3	7	6	5	8	9	10	11	11
4	9975941	10269942	1	2	3	4	5	1	3	6	3	7	6	5	8	9	2	10	10
4	10269942	10414661	1	2	3	4	5	1	3	6	3	7	6	8	9	10	2	11	11
4	10414661	10445906	1	2	3	4	5	1	3	6	3	7	8	9	10	11	2	12	12
4	10445906	10472507	1	2	3	4	5	1	3	6	3	7	8	9	10	11	12	13	13
4	10472507	10489491	1	2	3	4	5	1	6	7	6	8	9	10	11	12	13	14	14
4	10489491	10514488	1	2	3	4	5	6	7	8	7	9	10	11	12	13	14	15	15
4	10514488	10605521	1	2	3	4	5	6	7	8	9	10	11	12	13	14	15	16	16
4	10605521	10617803	1	2	3	4	5	6	7	8	9	10	11	12	11	13	14	15	15
4	10617803	10833843	1	2	3	4	5	6	7	8	9	10	4	11	4	12	13	14	14
4	10833843	10862029	1	2	3	4	5	6	7	8	9	10	4	11	4	12	13	5	13
4	10862029	10870495	1	2	3	4	5	6	7	8	9	10	11	12	11	13	14	5	14
4	10870495	10990888	1	2	3	4	5	6	7	8	9	10	11	12	13	14	15	5	15
4	10990888	11064453	1	2	3	4	5	6	7	8	9	10	4	11	12	13	14	5	14
4	11064453	11329822	1	2	3	4	5	6	7	8	9	10	4	11	12	13	14	15	15
4	11329822	11358178	1	2	3	4	5	6	7	8	9	10	11	12	13	14	15	16	16
4	11358178	11361656	1	2	3	4	5	2	6	7	8	9	10	11	12	13	14	15	15
4	11361656	11526222	1	2	3	4	5	2	6	7	8	9	9	10	11	12	13	14	14
4	11526222	11536615	1	2	3	4	5	2	6	7	6	8	8	9	10	11	12	13	13
4	11536615	11657988	1	2	3	4	5	2	6	7	6	8	8	9	10	11	12	7	12
4	11657988	11780858	1	2	3	4	2	2	5	6	5	7	7	8	9	10	11	6	11
4	11780858	11786786	1	2	3	4	5	5	6	7	6	8	8	9	10	11	12	7	12
4	11786786	11830466	1	2	3	4	5	5	6	7	8	9	9	10	11	12	13	7	13
4	11830466	11912897	1	2	3	4	5	5	6	7	8	9	9	10	11	12	13	14	14
4	11912897	12077070	1	2	3	4	5	5	6	7	8	9	10	11	12	13	14	15	15
4	12077070	12134390	1	2	3	4	5	6	7	8	9	10	11	12	13	14	15	16	16
4	12134390	12159731	1	1	2	3	4	5	6	2	7	8	9	10	11	12	13	14	14
4	12159731	12250845	1	1	2	3	4	1	5	2	6	7	8	9	10	11	12	13	13
4	12250845	12305439	1	1	2	3	4	1	5	2	6	7	8	9	10	11	12	2	12
4	12305439	12333296	1	1	2	3	4	1	5	2	6	7	2	8	9	10	11	2	11
4	12333296	12385310	1	1	2	3	4	1	5	6	7	8	2	9	10	11	12	2	12
4	12385310	12387817	1	1	2	3	4	1	5	6	7	8	2	9	10	11	12	13	13
4	12387817	12550091	1	1	2	3	4	5	2	6	7	8	2	9	10	11	12	13	13
4	12550091	12586552	1	2	3	4	5	6	7	8	9	10	7	11	12	13	14	15	15
4	12586552	13345032	1	2	3	4	5	6	7	8	9	10	11	12	13	14	15	16	16
4	13345032	13687923	1	2	3	4	5	6	7	8	9	10	11	9	12	13	14	15	15
4	13687923	13818141	1	2	3	4	5	6	7	8	9	10	11	9	2	12	13	14	14
4	13818141	14074965	1	2	3	4	5	6	7	8	9	10	11	12	2	13	14	15	15
4	14074965	14944191	1	2	3	4	5	6	7	8	9	10	11	12	13	14	15	16	16
4	14944191	14976506	1	2	3	4	5	6	7	8	9	3	10	11	12	13	14	15	15
4	14976506	14981710	1	2	3	4	5	6	7	8	9	3	10	11	12	13	14	8	14
4	14981710	15356763	1	2	3	4	5	6	3	7	8	3	9	10	6	11	12	7	12
4	15356763	15631499	1	2	3	4	5	4	3	6	7	3	8	9	4	10	11	6	11
4	15631499	15751615	1	2	3	4	5	4	3	6	7	8	9	10	4	11	12	6	12
4	15751615	15752824	1	2	3	4	5	6	3	7	8	9	10	11	6	12	13	7	13
4	15752824	15754742	1	2	3	4	5	6	3	7	8	9	10	11	6	12	4	7	12
4	15754742	15756406	1	2	3	4	5	6	3	7	8	9	10	11	6	12	4	13	13
4	15756406	15817353	1	2	3	4	5	6	3	7	8	9	10	11	12	13	4	14	14
4	15817353	16064069	1	2	3	4	5	6	7	8	9	10	11	12	13	14	4	15	15
4	16064069	16064166	1	2	3	4	5	6	7	8	9	10	4	11	12	13	4	14	14
4	16064166	16107190	1	2	3	4	5	6	7	8	9	10	4	11	12	13	14	2	14
4	16107190	16450583	1	2	3	4	5	6	7	1	8	9	4	10	11	12	13	2	13
4	16450583	16709395	1	2	3	4	5	6	7	1	8	9	10	11	12	13	14	2	14
4	16709395	16726541	1	2	3	4	5	6	7	1	8	9	10	11	12	13	14	15	15
4	16726541	16735496	1	2	3	4	5	6	2	1	7	8	9	10	11	12	13	14	14
4	16735496	16797584	1	2	3	4	5	6	2	7	8	9	10	11	12	13	14	15	15
4	16797584	16824986	1	2	3	4	5	6	2	7	8	9	4	10	11	12	13	14	14
4	16824986	17582135	1	2	3	4	5	6	2	7	8	9	4	8	10	11	12	13	13
4	17582135	17582960	1	2	3	4	5	6	7	8	9	10	4	9	11	12	13	14	14
4	17582960	17689361	1	2	3	4	5	6	7	8	9	10	4	11	12	13	14	15	15
4	17689361	17756213	1	2	3	4	5	6	7	8	9	10	4	9	11	12	13	14	14
4	17756213	17938527	1	2	3	4	5	6	7	8	9	10	11	9	12	13	14	15	15
4	17938527	18277312	1	2	3	4	5	6	7	8	9	10	11	9	12	6	13	14	14
4	18277312	18649421	1	2	3	4	5	6	7	8	9	10	11	12	13	6	14	15	15
4	18649421	18787960	1	2	3	4	5	6	7	8	9	10	1	11	12	6	13	14	14
4	18787960	19208447	1	2	3	4	5	6	7	8	9	10	1	11	12	13	14	15	15
4	19208447	19686843	1	2	3	4	5	6	7	8	9	10	11	12	13	14	15	16	16
4	19686843	19756332	1	2	3	4	5	6	7	8	9	8	10	11	12	13	14	15	15
4	19756332	20098294	1	2	3	4	5	6	3	7	8	7	9	10	11	12	13	14	14
4	20098294	20106705	1	2	3	4	5	6	7	8	9	8	10	11	12	13	14	15	15
4	20106705	20271226	1	2	3	4	5	1	6	7	8	9	10	11	12	13	14	15	15
4	20271226	20389417	1	2	3	4	5	1	6	7	6	8	9	10	11	12	13	14	14
4	20389417	20465925	1	2	3	4	5	1	6	7	6	2	8	9	10	11	12	13	13
4	20465925	20525791	1	2	3	4	5	1	6	7	6	2	8	9	4	10	11	12	12
4	20525791	20627347	1	2	3	4	5	1	6	7	6	2	8	9	4	8	10	11	11
4	20627347	20641654	1	2	1	3	4	1	5	6	5	2	7	8	3	7	9	10	10
4	20641654	21099149	1	2	1	3	1	1	4	5	4	2	6	7	3	6	8	9	9
4	21099149	21276056	1	2	3	4	3	1	5	6	7	2	8	9	4	8	10	11	11
4	21276056	21348073	1	2	3	4	5	1	6	7	8	2	9	10	4	11	12	13	13
4	21348073	21426223	1	2	3	4	5	1	6	7	8	2	9	10	4	11	9	12	12
4	21426223	21651151	1	2	3	4	5	1	6	7	8	9	10	11	4	12	10	13	13
4	21651151	21794221	1	2	3	4	5	1	6	7	8	9	10	11	12	13	10	14	14
4	21794221	21990563	1	2	3	2	4	1	5	6	7	8	9	10	11	12	9	13	13
4	21990563	22164400	1	2	3	2	4	1	5	6	7	8	9	10	11	12	13	14	14
4	22164400	22484768	1	2	3	2	4	1	5	6	7	8	9	10	11	12	13	13	13
4	22484768	22850409	1	2	3	2	4	1	3	5	6	7	8	9	10	11	12	12	12
4	22850409	22850796	1	2	3	2	4	1	3	5	6	7	8	9	10	11	12	13	13
4	22850796	23415143	1	2	3	4	5	6	3	7	8	9	10	11	12	13	14	15	15
4	23415143	23415162	1	2	3	4	5	4	3	6	7	8	9	10	11	12	13	14	14
4	23415162	23418593	1	2	3	4	5	4	6	7	8	9	10	11	12	13	14	15	15
4	23418593	24003576	1	2	3	4	5	4	6	7	8	9	10	11	12	12	13	14	14
4	24003576	24208960	1	2	3	4	5	4	6	7	3	8	9	10	11	11	12	13	13
4	24208960	24209726	1	2	3	4	5	6	7	8	3	9	10	11	12	12	13	14	14
4	24209726	24290218	1	2	3	4	5	6	7	8	3	9	10	11	12	13	14	15	15
4	24290218	24653534	1	2	3	4	5	4	6	7	3	8	9	10	11	12	13	14	14
4	24653534	24865564	1	2	3	4	5	4	6	5	3	7	8	9	10	11	12	13	13
4	24865564	24879945	1	2	3	1	4	1	5	4	3	6	7	8	9	10	11	12	12
4	24879945	25013395	1	2	3	1	4	1	5	4	3	5	6	7	8	9	10	11	11
4	25013395	25325870	1	2	3	1	4	1	5	4	3	5	6	7	8	6	9	10	10
4	25325870	25457259	1	2	3	1	4	1	5	6	3	5	7	8	9	7	10	11	11
4	25457259	25699663	1	2	3	1	4	1	5	6	3	5	7	8	5	7	9	10	10
4	25699663	25701630	1	2	3	1	4	1	5	6	3	5	7	8	5	7	9	6	9
4	25701630	25728319	1	2	3	1	4	1	5	6	3	5	7	8	5	9	10	6	10
4	25728319	26259948	1	2	3	1	4	1	5	6	3	5	7	8	5	7	9	6	9
4	26259948	26337085	1	2	3	4	5	1	6	7	3	6	8	9	6	8	10	7	10
4	26337085	26911350	1	2	3	4	5	1	6	7	3	6	8	9	10	8	11	7	11
4	26911350	27050475	1	2	3	4	5	1	6	7	3	6	8	9	10	8	11	12	12
4	27050475	27457862	1	2	3	4	5	1	6	7	3	8	9	10	11	9	12	13	13
4	27457862	27562130	1	2	3	4	5	1	6	7	3	8	9	10	11	12	13	14	14
4	27562130	28447077	1	2	3	4	5	6	7	8	3	9	10	11	12	13	14	15	15
4	28447077	29970663	1	2	3	4	5	6	7	8	3	9	10	11	4	12	13	14	14
4	29970663	30524691	1	2	3	4	5	6	7	8	3	9	10	11	4	12	13	5	13
4	30524691	30884760	1	2	3	4	5	6	7	8	3	7	9	10	4	11	12	5	12
4	30884760	30889872	1	2	3	4	5	6	7	8	3	7	9	10	11	12	13	5	13
4	30889872	31211827	1	2	3	1	4	5	6	7	3	6	8	9	10	11	12	13	13
4	31211827	31728932	1	2	3	1	4	5	6	1	3	6	7	8	9	10	11	12	12
4	31728932	32383888	1	2	3	1	4	5	6	1	3	7	8	9	10	11	12	13	13
4	32383888	32645622	1	2	3	1	4	5	6	7	3	8	9	10	11	12	13	14	14
4	32645622	32825709	1	2	3	1	4	4	5	6	3	7	8	9	10	11	12	13	13
4	32825709	32833159	1	2	3	1	4	4	5	6	3	7	8	9	10	11	12	8	12
4	32833159	32834464	1	2	3	1	4	4	5	6	3	7	8	9	2	10	11	8	11
4	32834464	33168270	1	2	3	4	5	5	6	7	3	8	9	10	2	11	12	9	12
4	33168270	33381759	1	2	3	4	5	5	6	7	3	8	7	9	2	10	11	7	11
4	33381759	33408296	1	2	3	4	5	5	6	7	8	9	7	10	2	11	12	7	12
4	33408296	33618519	1	2	3	4	5	5	6	7	3	8	7	9	2	10	11	7	11
4	33618519	33618638	1	2	3	4	5	5	6	7	3	8	7	9	10	11	12	7	12
4	33618638	33817725	1	2	3	4	5	5	6	7	3	8	7	9	2	10	11	7	11
4	33817725	33819095	1	2	3	4	5	6	7	8	3	9	8	10	2	11	12	8	12
4	33819095	34266784	1	2	3	4	5	6	7	2	3	8	2	9	2	10	11	2	11
4	34266784	34267106	1	2	3	4	5	6	7	2	3	8	2	9	2	10	6	2	10
4	34267106	35023390	1	2	3	4	5	6	7	2	3	8	2	9	2	10	6	11	11
4	35023390	35139444	1	2	3	4	5	6	7	2	8	9	2	10	11	12	6	13	13
4	35139444	35294449	1	2	3	4	5	6	4	2	3	7	2	8	2	9	6	10	10
4	35294449	35947129	1	2	3	4	5	6	4	2	3	7	2	8	2	9	6	7	9
4	35947129	36138833	1	2	3	4	5	6	7	2	3	8	2	9	2	10	6	8	10
4	36138833	36263203	1	2	3	4	5	6	7	2	8	9	2	10	2	11	12	9	12
4	36263203	36562241	1	2	3	4	5	6	7	2	3	8	2	9	2	10	11	8	11
4	36562241	36803576	1	2	3	4	5	6	7	2	3	8	2	9	2	10	11	12	12
4	36803576	36828146	1	2	3	4	5	6	7	8	3	9	8	10	2	11	12	13	13
4	36828146	37192586	1	2	3	4	5	6	7	8	3	9	10	11	2	12	13	14	14
4	37192586	37472693	1	2	3	4	2	5	6	7	3	8	9	10	2	11	12	13	13
4	37472693	38552360	1	2	3	4	2	5	6	7	3	8	9	10	11	12	13	14	14
4	38552360	38579892	1	2	3	4	5	6	7	8	3	9	10	11	12	13	14	15	15
4	38579892	38584554	1	2	3	4	5	6	7	8	9	10	11	12	13	14	15	16	16
4	38584554	38703451	1	2	3	4	5	6	7	8	3	9	10	11	12	13	14	15	15
4	38703451	39037909	1	2	3	4	5	6	7	8	3	9	10	11	2	12	13	14	14
4	39037909	39492246	1	2	3	4	1	5	6	7	3	8	9	10	2	11	12	13	13
4	39492246	39884881	1	2	3	1	1	4	5	6	3	7	8	9	2	10	11	12	12
4	39884881	39997963	1	2	3	1	1	4	5	6	3	7	8	9	2	10	3	11	11
4	39997963	40034181	1	2	3	1	1	4	5	6	7	8	9	10	2	11	3	12	12
4	40034181	40263917	1	2	3	1	1	4	5	6	3	7	8	9	2	10	3	11	11
4	40263917	41916214	1	2	3	1	4	5	6	7	3	8	9	10	2	11	3	12	12
4	41916214	44457448	1	2	3	1	4	5	6	7	3	8	9	10	11	12	3	13	13
4	44457448	44494645	1	2	3	1	4	5	6	7	8	9	10	11	12	13	3	14	14
4	44494645	44635293	1	2	3	1	4	5	6	7	3	8	9	10	11	12	3	13	13
4	44635293	44842704	1	2	3	4	5	6	7	8	3	9	10	11	12	13	14	15	15
4	44842704	45659656	1	2	3	4	5	6	7	8	3	9	10	11	2	12	13	14	14
4	45659656	47117961	1	2	3	4	1	2	5	6	3	7	8	9	2	10	3	11	11
4	47117961	51435438	1	2	3	4	1	2	5	6	3	7	8	9	2	10	3	8	10
4	51435438	51706452	1	2	3	4	5	2	6	7	3	8	9	10	2	11	3	9	11
4	51706452	54200433	1	2	3	4	5	2	6	7	3	8	9	10	2	11	3	12	12
4	54200433	55680742	1	2	3	4	5	2	6	7	8	9	10	11	2	12	8	13	13
4	55680742	55910315	1	2	3	4	5	2	6	7	8	9	10	11	2	12	13	14	14
4	55910315	56925672	1	2	3	4	5	2	6	7	8	9	10	11	2	12	3	13	13
4	56925672	59831683	1	2	3	4	5	6	7	8	9	10	11	12	2	13	3	14	14
4	59831683	65090405	1	2	3	4	5	6	7	8	9	10	11	12	13	14	3	15	15
4	65090405	65210174	1	2	3	4	5	6	7	8	9	10	11	12	13	14	15	16	16
4	65210174	65618057	1	2	3	4	5	6	7	8	9	10	11	12	13	14	3	15	15
4	65618057	66948538	1	2	3	4	5	6	7	8	9	10	11	12	2	13	3	14	14
4	66948538	72530470	1	2	3	4	5	6	7	8	3	9	10	11	2	12	3	13	13
4	72530470	76123942	1	2	3	4	5	6	7	8	3	9	10	11	12	13	3	14	14
4	76123942	76180393	1	2	3	4	5	6	7	8	9	10	11	12	13	14	9	15	15
4	76180393	77361711	1	2	3	4	5	6	7	8	9	10	11	12	13	14	15	16	16
4	77361711	78058257	1	2	3	4	5	6	7	8	9	10	11	12	2	13	14	15	15
4	78058257	82930131	1	2	3	4	5	6	7	2	3	8	9	10	2	11	12	13	13
4	82930131	85589642	1	2	3	4	5	6	7	8	3	9	10	11	2	12	13	14	14
4	85589642	85837372	1	2	3	4	5	4	6	7	3	8	9	10	2	11	12	13	13
4	85837372	86248353	1	2	3	4	5	4	6	7	3	8	9	10	11	12	13	14	14
4	86248353	91394806	1	2	3	4	5	4	6	7	8	9	10	11	12	13	14	15	15
4	91394806	115508507	1	2	3	4	5	6	7	8	9	10	11	12	13	14	15	16	16
4	115508507	117212783	1	2	3	4	5	6	7	8	9	10	11	12	2	13	14	15	15
4	117212783	133646752	1	2	3	4	5	6	7	8	3	9	10	11	2	12	13	14	14
4	133646752	134165678	1	2	3	1	4	5	6	7	3	8	9	10	2	11	12	13	13
4	134165678	134315710	1	2	3	1	4	5	6	7	3	8	9	10	2	11	12	12	12
4	134315710	134317782	1	2	3	1	4	5	6	7	8	9	10	11	2	12	13	13	13
4	134317782	134811713	1	2	3	1	4	5	6	7	3	8	9	10	2	11	12	12	12
4	134811713	139077173	1	2	3	1	4	5	6	7	3	8	9	10	2	11	7	7	11
4	139077173	140074035	1	2	3	1	4	5	6	7	3	8	9	10	2	11	7	12	12
4	140074035	140074387	1	2	3	1	4	5	6	7	3	8	9	10	2	11	12	13	13
4	140074387	141305847	1	2	3	4	5	6	7	8	9	10	11	12	2	13	14	15	15
4	141305847	142826786	1	2	3	1	4	5	6	7	3	8	9	10	2	11	12	13	13
4	142826786	142850024	1	2	3	1	4	5	6	7	3	8	9	10	11	12	13	14	14
4	142850024	144749610	1	2	3	1	4	5	6	7	3	8	9	10	2	11	12	13	13
4	144749610	144750401	1	2	3	1	4	5	6	7	3	8	9	10	11	12	13	14	14
4	144750401	145959445	1	2	3	1	4	5	6	7	3	8	9	10	2	11	12	13	13
4	145959445	146794049	1	2	3	1	4	2	5	6	3	7	8	9	2	10	11	12	12
4	146794049	147026784	1	2	3	1	4	2	5	6	3	7	8	9	2	2	10	11	11
4	147026784	148267793	1	2	3	4	5	2	6	7	3	8	9	10	2	2	11	12	12
4	148267793	148676568	1	2	3	4	5	2	6	7	3	8	9	10	2	2	2	11	11
4	148676568	148724659	1	1	2	3	4	1	5	6	2	7	8	9	1	1	1	10	10
4	148724659	149655041	1	2	3	4	5	1	6	7	3	8	9	10	2	1	1	11	11
4	149655041	149661126	1	2	3	4	5	6	7	8	3	9	10	11	2	6	1	12	12
4	149661126	150349904	1	2	3	4	5	6	7	8	3	6	9	10	2	6	1	11	11
4	150349904	151038389	1	2	3	4	5	6	7	8	3	6	9	10	2	11	1	12	12
4	151038389	151797091	1	2	3	4	5	6	7	8	3	9	10	11	2	12	1	13	13
4	151797091	152566799	1	2	3	4	5	6	7	8	9	10	11	12	2	13	1	14	14
4	152566799	152567830	1	2	3	4	5	6	7	8	9	10	11	12	2	13	14	15	15
4	152567830	152668628	1	2	3	4	5	6	7	8	3	9	10	11	2	4	1	12	12
4	152668628	153013196	1	2	3	4	5	2	6	7	3	8	9	10	2	4	1	11	11
4	153013196	154316339	1	2	3	4	5	2	6	1	3	7	8	9	2	4	1	10	10
4	154316339	154316718	1	2	3	4	5	2	6	1	3	7	8	9	2	10	1	11	11
4	154316718	154580425	1	2	3	4	5	6	7	1	3	8	9	10	2	11	1	12	12
4	154580425	154580962	1	2	3	4	5	6	7	1	3	8	9	10	2	1	1	11	11
4	154580962	154581455	1	2	3	4	5	6	7	1	3	8	9	10	11	1	1	12	12
4	154581455	154658589	1	2	3	4	5	6	7	1	3	8	9	10	2	1	1	11	11
4	154658589	154660600	1	2	3	4	5	6	7	8	3	9	10	11	2	1	1	12	12
4	154660600	155040985	1	2	3	4	5	6	7	8	3	9	10	11	2	1	1	5	11
4	155040985	155168993	1	2	3	4	5	6	7	8	3	9	10	11	2	12	12	5	12
4	155168993	155195035	1	2	3	4	5	6	7	8	3	9	6	10	2	11	11	5	11
4	155195035	155196604	1	2	3	4	5	6	7	8	3	9	6	10	2	11	12	5	12
4	155196604	155793210	1	2	3	4	5	6	7	8	3	9	6	10	2	11	12	13	13
4	155793210	155794486	1	1	2	3	4	5	6	7	2	8	5	9	1	10	11	12	12
4	155794486	156031552	1	1	2	3	4	5	6	7	2	8	9	10	1	11	12	13	13
4	156031552	156158317	1	1	2	3	4	5	6	7	2	8	9	10	4	11	12	13	13
4	156158317	156232038	1	1	2	3	4	5	6	7	2	8	8	9	4	10	11	12	12
4	156232038	156845104	1	1	2	3	4	5	6	7	2	8	8	9	4	5	10	11	11
4	156845104	157201419	1	1	2	3	4	5	6	7	2	8	9	10	4	5	11	12	12
4	157201419	157416981	1	2	3	4	5	6	7	8	3	9	10	11	5	6	12	13	13
4	157416981	157877741	1	2	3	4	5	6	7	8	3	9	10	11	12	6	13	14	14
4	157877741	159035254	1	2	3	4	5	6	7	8	3	9	10	11	12	13	14	15	15
4	159035254	159043304	1	2	3	4	5	6	7	8	3	9	10	11	12	13	14	3	14
4	159043304	159340316	1	2	3	3	4	5	6	7	3	8	9	10	11	12	13	3	13
4	159340316	159600168	1	2	3	3	4	5	6	7	3	8	6	9	10	11	12	3	12
4	159600168	159703800	1	2	3	4	5	6	7	8	3	9	7	10	11	12	13	4	13
4	159703800	159910170	1	2	3	4	5	6	7	8	3	9	7	10	11	12	13	14	14
4	159910170	160463855	1	2	3	4	5	6	7	8	3	9	10	11	12	13	14	15	15
4	160463855	160574713	1	2	3	4	5	6	7	8	3	9	10	11	12	1	13	14	14
4	160574713	160951087	1	2	3	4	5	6	7	8	3	9	10	11	12	1	7	13	13
4	160951087	160953736	1	2	3	4	5	6	7	8	3	9	10	11	12	13	7	14	14
4	160953736	161090621	1	2	3	4	5	6	7	8	3	9	10	11	12	13	14	15	15
4	161090621	161510264	1	2	3	4	5	6	7	8	3	9	6	10	11	12	13	14	14
4	161510264	161525348	1	2	3	4	5	6	7	8	3	9	10	11	12	13	14	15	15
4	161525348	161600091	1	2	3	4	5	6	3	7	3	8	9	10	11	12	13	14	14
4	161600091	161908888	1	2	3	4	5	6	3	3	3	7	8	9	10	11	12	13	13
4	161908888	161909089	1	2	3	4	5	6	3	3	3	7	3	8	9	10	6	11	11
4	161909089	161947386	1	2	3	4	5	6	3	3	3	7	3	8	9	1	6	10	10
4	161947386	162157683	1	2	3	4	5	6	3	3	3	7	3	8	9	1	6	1	9
4	162157683	162337485	1	2	3	4	5	6	3	3	3	7	3	6	8	1	6	1	8
4	162337485	162468998	1	2	3	4	3	3	3	3	3	5	3	3	6	1	3	1	6
4	162468998	162629799	1	2	3	4	5	6	5	3	3	7	5	6	8	1	3	1	8
4	162629799	162804476	1	2	3	4	5	6	5	3	3	7	5	6	8	1	3	9	9
4	162804476	162850676	1	2	3	4	5	6	5	7	3	8	5	6	9	1	3	10	10
4	162850676	162882643	1	2	3	4	5	6	5	7	3	8	9	6	10	1	3	11	11
4	162882643	162978728	1	2	3	4	5	6	5	7	3	8	9	6	10	1	11	12	12
4	162978728	162991015	1	2	3	4	5	6	7	8	3	9	10	6	11	1	12	13	13
4	162991015	163145546	1	2	3	4	5	6	7	8	3	9	10	11	12	1	13	14	14
4	163145546	163301773	1	2	3	4	5	6	7	8	3	9	10	10	11	1	12	13	13
4	163301773	163303313	1	2	3	4	5	6	3	7	3	8	9	9	10	1	11	12	12
4	163303313	163593463	1	2	3	4	5	6	3	7	3	8	9	9	10	11	12	13	13
4	163593463	163975632	1	1	2	3	4	5	2	6	2	7	8	8	9	10	11	12	12
4	163975632	164070015	1	1	2	3	4	5	2	6	2	7	8	9	10	11	12	13	13
4	164070015	164769860	1	1	2	3	4	3	5	6	2	7	8	9	10	1	11	12	12
4	164769860	164826383	1	1	2	3	4	5	6	7	2	8	9	10	11	12	13	14	14
4	164826383	164932123	1	1	2	3	4	3	5	6	2	7	8	9	10	11	12	13	13
4	164932123	165362670	1	1	2	3	4	3	5	6	2	5	7	8	9	10	11	12	12
4	165362670	165363812	1	1	2	3	4	5	6	7	2	6	8	9	10	11	12	13	13
4	165363812	165593198	1	1	2	3	4	5	6	7	2	6	8	9	10	11	12	5	12
4	165593198	165917246	1	1	2	3	4	5	6	7	2	8	9	10	11	12	13	5	13
4	165917246	167152200	1	2	3	4	5	6	7	8	3	9	10	11	12	13	14	15	15
4	167152200	167206911	1	2	3	4	5	6	7	8	3	9	10	11	5	12	13	14	14
4	167206911	167231117	1	2	3	4	5	6	7	8	9	10	11	12	5	13	14	15	15
4	167231117	168928456	1	2	3	4	5	6	7	1	8	9	10	11	5	12	13	14	14
4	168928456	169141964	1	2	3	4	5	6	7	8	9	10	11	12	13	14	15	16	16
4	169141964	169861514	1	2	3	4	5	6	7	8	9	10	11	12	13	14	15	15	15
4	169861514	170328662	1	2	3	4	5	6	7	8	9	10	11	12	13	14	13	15	15
4	170328662	170344496	1	2	3	4	5	6	7	8	9	10	11	12	13	14	13	2	14
4	170344496	170344663	1	2	3	4	5	6	7	2	8	9	10	11	12	13	12	2	13
4	170344663	171486438	1	2	3	4	4	5	6	2	7	8	9	10	11	12	11	2	12
4	171486438	171496341	1	2	3	4	4	5	6	2	7	8	9	10	11	12	13	2	13
4	171496341	172523928	1	2	3	4	4	5	6	2	7	8	9	10	11	12	11	2	12
4	172523928	172524888	1	2	3	4	5	6	7	2	8	9	10	11	12	13	12	14	14
4	172524888	172766415	1	2	3	4	4	5	6	2	7	8	9	10	11	12	11	13	13
4	172766415	172767318	1	2	3	4	4	5	6	2	7	8	9	10	11	12	11	4	12
4	172767318	172963429	1	2	3	4	4	5	6	7	8	9	10	11	12	13	12	4	13
4	172963429	172965050	1	2	3	4	4	5	6	7	8	9	2	10	11	12	11	4	12
4	172965050	172966354	1	2	3	4	4	5	6	7	8	9	2	10	7	11	7	4	11
4	172966354	173802310	1	2	3	4	4	5	6	7	8	9	2	10	7	11	12	4	12
4	173802310	173816539	1	2	3	4	4	5	6	7	8	9	10	11	7	12	13	4	13
4	173816539	173982378	1	2	3	4	4	5	6	7	8	9	10	11	12	13	14	4	14
4	173982378	174071805	1	2	3	4	4	5	6	6	7	8	9	10	11	12	13	4	13
4	174071805	174084925	1	2	3	4	5	6	7	7	8	9	10	11	12	13	14	4	14
4	174084925	174085297	1	2	3	4	5	6	7	7	8	9	10	11	12	13	14	15	15
4	174085297	174148111	1	2	3	4	5	6	7	7	8	9	10	11	4	12	6	13	13
4	174148111	174156333	1	2	2	3	4	5	6	6	7	8	9	10	3	11	5	12	12
4	174156333	174157884	1	2	2	3	4	5	6	6	7	8	5	9	3	10	5	11	11
4	174157884	174314835	1	2	2	3	4	5	6	6	7	8	5	9	3	5	5	10	10
4	174314835	174614835	1	2	2	3	4	5	6	7	8	9	5	10	3	5	5	11	11
4	174614835	174615737	1	2	3	4	5	6	7	8	9	10	6	11	4	6	6	12	12
4	174615737	174704297	1	2	3	4	5	6	7	8	9	10	6	11	4	12	6	13	13
4	174704297	174800596	1	2	3	4	5	6	7	8	9	10	6	11	12	13	6	14	14
4	174800596	174804302	1	2	3	4	5	6	7	8	9	10	11	12	13	14	11	15	15
4	174804302	174855198	1	1	2	3	4	5	6	7	8	9	10	11	12	13	10	14	14
4	174855198	174985933	1	1	2	3	4	5	6	7	8	9	10	11	12	13	14	15	15
4	174985933	174988538	1	1	2	3	4	5	6	7	8	9	10	11	12	1	13	14	14
4	174988538	175549219	1	1	2	3	4	5	6	7	8	9	10	11	12	1	7	13	13
4	175549219	175607452	1	1	2	3	4	5	6	7	8	9	10	11	12	1	13	14	14
4	175607452	175607714	1	2	3	4	5	6	7	8	9	10	11	12	13	1	14	15	15
4	175607714	175778321	1	2	3	4	5	6	7	8	9	10	11	12	13	14	15	16	16
4	175778321	175862001	1	2	3	4	5	6	7	1	8	9	10	11	12	13	14	15	15
4	175862001	175869693	1	1	2	3	4	5	6	1	7	8	9	10	11	12	13	14	14
4	175869693	175913623	1	1	2	3	4	5	6	1	7	7	8	9	10	11	12	13	13
4	175913623	176012093	1	1	2	3	4	5	6	1	7	7	8	9	10	9	11	12	12
4	176012093	176251578	1	1	2	3	4	5	6	1	7	7	8	8	9	8	10	11	11
4	176251578	176257657	1	1	2	3	4	5	6	7	8	8	9	9	10	9	11	12	12
4	176257657	176258141	1	2	3	4	5	6	7	8	9	9	10	10	11	10	12	13	13
4	176258141	176333408	1	2	3	4	5	6	7	8	9	9	10	11	12	10	13	14	14
4	176333408	176340305	1	2	3	4	5	6	7	8	9	9	10	11	12	13	14	15	15
4	176340305	176414227	1	2	3	4	5	6	7	8	9	9	10	11	12	2	13	14	14
4	176414227	176596856	1	2	3	1	4	5	6	7	8	8	9	10	11	2	12	13	13
4	176596856	176598437	1	2	3	1	4	5	6	7	8	9	10	11	12	2	13	14	14
4	176598437	176601569	1	2	3	1	4	5	6	7	8	9	10	11	6	2	12	13	13
4	176601569	176601903	1	1	2	1	3	4	5	6	7	8	9	10	5	1	11	12	12
4	176601903	176835837	1	1	2	1	3	4	5	6	7	8	9	10	5	1	4	11	11
4	176835837	176847609	1	2	3	2	4	5	6	7	8	9	10	11	6	2	5	12	12
4	176847609	177029200	1	2	3	2	4	5	6	7	8	9	10	11	12	2	5	13	13
4	177029200	177042091	1	2	3	2	4	5	6	7	6	8	9	10	11	2	12	13	13
4	177042091	177048255	1	2	3	2	4	5	6	7	6	5	8	9	10	2	11	12	12
4	177048255	177050512	1	2	3	2	4	5	6	7	6	5	8	9	10	2	6	11	11
4	177050512	177077258	1	2	1	2	3	4	5	6	5	4	7	8	9	2	5	10	10
4	177077258	177078998	1	2	1	3	4	5	6	7	6	5	8	9	10	3	6	11	11
4	177078998	177083998	1	2	1	3	4	5	3	6	3	5	7	8	9	3	3	10	10
4	177083998	177091620	1	2	1	3	4	5	3	6	3	5	7	8	9	10	3	11	11
4	177091620	177420609	1	2	1	3	4	5	3	5	3	5	6	7	8	9	3	10	10
4	177420609	177640502	1	2	1	3	4	5	3	5	3	5	1	6	7	8	3	9	9
4	177640502	177772792	1	2	1	3	4	5	6	5	6	5	1	7	8	9	6	10	10
4	177772792	177821450	1	2	1	3	4	5	6	5	6	5	7	8	9	10	6	11	11
4	177821450	177834758	1	2	1	3	4	5	6	7	6	5	8	9	10	11	12	13	13
4	177834758	177899459	1	2	3	4	5	6	7	8	7	6	9	10	11	12	13	1	13
4	177899459	177901467	1	2	3	4	5	6	7	8	9	6	10	11	12	13	14	1	14
4	177901467	177971242	1	2	3	4	5	6	7	8	9	10	11	12	13	14	15	1	15
4	177971242	178165224	1	2	3	4	5	3	6	7	8	9	10	11	12	13	14	1	14
4	178165224	178170558	1	2	3	4	5	3	6	7	8	9	10	11	12	1	13	1	13
4	178170558	178359061	1	2	3	4	5	3	6	7	8	9	10	11	12	1	13	14	14
4	178359061	178364273	1	2	3	4	5	6	7	8	9	10	11	12	13	1	14	15	15
4	178364273	178537148	1	2	3	4	5	6	7	2	8	9	10	11	12	1	13	14	14
4	178537148	178672772	1	2	3	4	5	6	7	2	8	8	9	10	11	1	12	13	13
4	178672772	178675240	1	2	3	4	5	6	7	2	8	8	9	10	11	12	13	14	14
4	178675240	179158420	1	2	3	4	5	6	7	2	8	8	9	10	11	1	12	3	12
4	179158420	179374247	1	2	3	4	5	6	7	8	9	9	10	11	12	1	13	3	13
4	179374247	179441201	1	2	3	4	5	6	7	8	9	10	11	12	13	1	14	3	14
4	179441201	179563460	1	2	3	4	5	6	7	8	9	10	11	12	13	1	14	15	15
4	179563460	179567840	1	2	3	4	5	6	7	8	9	10	11	12	13	1	14	4	14
4	179567840	179570280	1	2	3	4	5	6	7	8	9	10	11	12	2	1	13	4	13
4	179570280	179926285	1	2	3	4	5	6	7	8	6	9	10	11	2	1	12	4	12
4	179926285	180037057	1	2	3	1	4	5	6	7	5	8	9	10	2	1	11	1	11
4	180037057	180067680	1	2	3	1	4	5	6	7	5	8	9	10	11	1	12	1	12
4	180067680	180070890	1	2	3	4	5	6	7	8	6	9	10	11	12	4	13	4	13
4	180070890	180319239	1	2	3	4	5	6	7	8	9	10	11	12	13	4	14	4	14
4	180319239	180358357	1	2	3	4	5	6	7	8	9	10	11	12	13	4	14	15	15
4	180358357	180360634	1	2	3	1	4	5	6	7	8	9	10	11	12	1	13	14	14
4	180360634	180563327	1	2	3	4	5	6	7	8	9	10	11	12	13	1	14	15	15
4	180563327	180631585	1	2	3	4	5	6	7	6	8	9	10	11	12	1	13	14	14
4	180631585	180634055	1	2	3	4	5	6	7	6	8	9	10	11	12	1	13	12	13
4	180634055	181031724	1	2	3	4	5	6	4	6	7	8	9	10	11	1	12	11	12
4	181031724	181093853	1	2	3	4	5	6	7	6	8	9	10	11	12	1	13	12	13
4	181093853	181111043	1	2	3	4	5	6	7	6	8	9	10	11	1	1	12	1	12
4	181111043	181204922	1	2	3	4	5	6	7	8	9	10	11	12	1	1	13	1	13
4	181204922	181355692	1	1	2	3	4	5	6	7	8	9	10	11	1	1	12	1	12
4	181355692	181543731	1	2	3	4	5	6	7	8	9	10	11	12	13	2	14	2	14
4	181543731	181553653	1	2	3	4	5	6	7	8	9	10	11	12	13	14	15	2	15
4	181553653	181559802	1	2	3	4	5	6	7	8	9	10	11	12	13	14	15	16	16
4	181559802	181678551	1	2	3	4	1	5	6	7	8	9	10	11	12	13	14	15	15
4	181678551	181709913	1	2	3	4	1	5	6	7	8	6	9	10	11	12	13	14	14
4	181709913	181718678	1	2	3	4	1	5	6	7	8	6	9	10	11	3	12	13	13
4	181718678	181723163	1	2	3	4	1	5	6	7	8	6	9	10	2	3	11	12	12
4	181723163	181788697	1	2	3	4	1	5	6	7	6	6	8	9	2	3	10	11	11
4	181788697	182055441	1	2	3	4	1	5	6	7	6	6	8	9	2	3	10	3	10
4	182055441	182057907	1	2	3	4	1	5	6	7	6	6	8	9	2	10	11	3	11
4	182057907	182338010	1	2	3	4	1	5	6	7	8	8	9	10	2	11	12	3	12
4	182338010	182554212	1	2	3	4	1	5	6	7	8	8	9	10	11	12	13	3	13
4	182554212	182563624	1	2	3	4	1	5	6	7	8	9	10	11	12	13	14	3	14
4	182563624	182572027	1	2	3	4	1	5	6	7	8	9	10	11	12	13	14	15	15
4	182572027	182572128	1	2	3	1	1	4	5	6	7	8	9	10	11	12	13	14	14
4	182572128	183163112	1	2	3	1	4	5	6	7	8	9	10	11	12	13	14	15	15
4	183163112	183238150	1	2	3	4	5	6	7	8	9	10	11	12	13	14	15	16	16
4	183238150	183706384	1	2	3	4	5	6	7	8	9	10	11	12	13	7	14	15	15
4	183706384	183961309	1	2	3	4	5	6	7	8	9	10	11	12	13	14	15	16	16
4	183961309	184344742	1	2	3	4	2	5	6	7	8	9	10	11	12	13	14	15	15
4	184344742	184362079	1	2	3	4	5	6	7	8	9	10	11	12	13	14	15	16	16
4	184362079	184453051	1	2	3	2	4	5	6	7	8	9	10	11	12	13	14	15	15
4	184453051	184796800	1	2	3	2	2	4	5	6	7	8	9	10	11	12	13	11	13
4	184796800	184804026	1	2	3	4	4	5	6	7	8	9	10	11	12	13	14	12	14
4	184804026	184804265	1	2	3	4	5	6	7	8	9	10	11	12	13	14	15	13	15
4	184804265	185396416	1	2	3	4	5	6	7	8	9	10	11	12	13	14	15	16	16
4	185396416	185645971	1	2	3	4	5	6	7	8	9	10	11	12	3	13	14	15	15
4	185645971	185648036	1	2	3	4	5	6	7	8	9	2	10	11	3	12	13	14	14
4	185648036	185652155	1	2	3	4	5	6	7	8	9	2	10	11	3	12	10	13	13
4	185652155	185850394	1	2	3	4	5	4	6	7	8	2	2	9	3	10	2	11	11
4	185850394	186097473	1	2	3	4	5	4	6	7	8	2	2	9	10	11	2	12	12
4	186097473	186145577	1	2	3	4	5	4	2	6	7	2	2	8	9	10	2	11	11
4	186145577	186408526	1	2	3	4	5	6	2	7	8	2	2	9	10	11	2	12	12
4	186408526	186411721	1	2	3	4	5	6	2	7	8	2	2	9	10	11	12	13	13
4	186411721	186413504	1	2	3	4	5	5	2	6	7	2	2	8	9	10	2	11	11
4	186413504	186564040	1	2	3	4	5	5	2	4	6	2	2	7	8	9	2	10	10
4	186564040	187034019	1	2	3	4	5	5	6	4	7	2	2	8	9	10	2	11	11
4	187034019	187036787	1	2	3	4	5	6	7	4	8	2	9	10	11	12	2	13	13
4	187036787	187040085	1	2	3	4	5	5	6	4	7	2	8	9	10	11	2	12	12
4	187040085	187100617	1	2	3	4	5	5	6	4	7	8	9	10	11	12	8	13	13
4	187100617	187128084	1	2	3	4	5	5	6	7	8	9	10	11	12	13	9	14	14
4	187128084	187331965	1	2	3	4	5	5	6	7	8	9	10	11	12	13	14	15	15
4	187331965	187339007	1	2	3	4	5	6	7	8	9	10	3	11	12	13	14	15	15
4	187339007	187349112	1	2	3	4	5	2	6	7	8	9	3	10	11	12	13	14	14
4	187349112	187573459	1	2	3	4	5	2	6	7	8	9	3	10	11	12	13	9	13
4	187573459	187577586	1	2	3	4	5	2	6	1	7	3	3	8	9	10	11	3	11
4	187577586	187581588	1	2	3	4	5	2	1	1	6	3	3	7	8	9	10	3	10
4	187581588	187720413	1	2	3	4	5	2	1	1	6	3	3	7	8	9	3	3	9
4	187720413	187813702	1	2	3	4	5	2	1	1	6	3	3	7	8	9	3	10	10
4	187813702	187922009	1	2	2	3	4	2	1	1	5	2	2	6	7	8	2	9	9
4	187922009	187984910	1	2	2	3	4	2	5	1	6	2	2	7	8	9	2	10	10
4	187984910	187992652	1	2	3	4	5	3	6	1	7	3	3	8	9	10	3	11	11
4	187992652	188045795	1	2	3	4	5	3	6	7	8	3	3	9	10	11	3	12	12
4	188045795	188110589	1	2	3	4	5	3	6	7	8	9	3	10	11	12	3	13	13
4	188110589	188123770	1	2	3	4	5	3	6	7	8	9	10	11	12	13	3	14	14
4	188123770	188290304	1	2	3	4	5	3	6	7	8	9	10	11	12	13	14	15	15
4	188290304	189185984	1	2	3	4	5	6	7	8	9	10	11	12	13	14	15	16	16
4	189185984	189192812	1	2	3	4	5	6	7	8	9	10	11	12	13	14	5	15	15
4	189192812	189496700	1	2	3	4	5	6	7	8	9	10	11	12	13	1	5	14	14
4	189496700	189573990	1	2	3	4	5	6	7	8	9	7	10	11	12	1	5	13	13
4	189573990	189655269	1	2	3	4	5	6	7	8	9	7	10	11	12	13	5	14	14
4	189655269	189989193	1	2	3	4	5	6	7	8	9	7	10	11	12	13	14	15	15
4	189989193	190732557	1	2	3	4	5	6	7	8	9	10	11	12	13	14	15	16	16
4	190732557	190789059	1	2	3	4	5	6	7	8	9	10	11	12	13	4	14	15	15
4	190789059	190843370	1	2	3	3	4	5	6	7	8	9	10	11	12	3	13	14	14
4	190843370	190928830	1	2	3	3	4	5	3	6	7	8	9	10	11	3	12	13	13
4	190928830	190935241	1	2	3	3	4	5	3	6	7	8	9	10	11	3	12	5	12
4	190935241	190961290	1	2	3	3	4	5	3	2	6	7	8	9	10	3	11	5	11
4	190961290	191345885	1	2	3	3	4	5	3	2	6	7	8	9	1	3	10	5	10
4	191345885	191346976	1	2	3	3	4	5	3	2	6	7	8	9	10	3	11	5	11
4	191346976	191348439	1	2	3	3	4	5	3	2	6	7	8	9	10	3	11	12	12
4	191348439	191353579	1	2	3	3	4	5	3	6	7	8	9	10	11	3	12	13	13
4	191353579	191514719	1	2	3	3	4	5	6	7	8	9	10	11	12	3	13	14	14
4	191514719	191970533	1	2	3	3	4	5	6	7	8	9	10	11	12	13	14	15	15
4	191970533	192071221	1	2	3	4	5	6	7	8	9	10	11	12	13	14	15	16	16
4	192071221	192556549	1	2	3	4	5	6	7	8	9	10	11	12	13	10	14	15	15
4	192556549	193010851	1	2	3	4	5	6	7	8	9	10	11	12	13	10	14	6	14
4	193010851	193275671	1	2	3	4	5	6	7	8	9	10	11	9	12	10	13	6	13
4	193275671	193301427	1	2	3	4	5	6	7	8	9	10	11	9	12	13	14	6	14
4	193301427	193307538	1	2	3	4	5	6	7	8	9	10	11	9	1	12	13	6	13
4	193307538	193353179	1	2	3	4	5	6	7	8	9	10	3	9	1	11	12	6	12
4	193353179	193834265	1	2	3	4	5	6	7	8	9	10	3	9	1	11	12	13	13
4	193834265	193888934	1	2	3	4	5	6	7	8	9	10	3	11	1	12	13	14	14
4	193888934	193904723	1	2	3	4	5	6	7	8	9	10	11	12	1	13	14	15	15
4	193904723	194556823	1	2	3	4	5	6	7	8	9	10	11	12	13	14	15	16	16
4	194556823	194573275	1	2	3	4	5	6	7	8	9	10	11	12	6	13	14	15	15
4	194573275	194614800	1	2	1	3	4	5	6	7	8	9	10	11	5	12	13	14	14
4	194614800	194777084	1	2	1	3	4	5	6	7	8	9	10	11	5	12	7	13	13
4	194777084	195264742	1	2	1	3	4	5	6	7	2	8	9	10	5	11	7	12	12
4	195264742	195285814	1	2	1	3	4	5	6	7	2	8	9	10	11	12	7	13	13
4	195285814	195314182	1	2	1	3	4	5	6	7	8	9	10	11	12	13	7	14	14
4	195314182	195562016	1	2	3	4	5	6	7	8	9	10	11	12	13	14	8	15	15
4	195562016	195989268	1	2	3	4	5	6	7	8	9	10	11	12	13	14	15	16	16
4	195989268	196212782	1	2	3	4	5	6	7	8	9	10	11	12	13	14	4	15	15
4	196212782	196894085	1	2	3	4	5	6	7	8	9	10	11	12	4	13	4	14	14
4	196894085	196980131	1	2	3	4	5	6	7	8	9	10	11	8	4	12	4	13	13
4	196980131	197134126	1	2	3	4	5	6	7	8	9	10	11	8	12	13	12	14	14
4	197134126	197170438	1	2	3	4	5	6	7	8	7	9	10	8	11	12	11	13	13
4	197170438	197239374	1	2	3	4	5	6	7	8	7	9	10	8	11	12	13	14	14
4	197239374	199039854	1	2	3	4	5	6	7	8	7	9	10	8	6	11	12	13	13
4	199039854	199123483	1	2	3	4	5	6	7	8	7	9	10	11	6	12	13	14	14
4	199123483	199145648	1	2	3	4	5	6	7	8	7	9	10	11	12	13	14	15	15
4	199145648	199292105	1	2	3	4	5	6	7	8	7	9	10	11	12	13	4	14	14
4	199292105	199488194	1	2	3	4	5	6	7	8	9	10	11	12	13	14	4	15	15
4	199488194	200549964	1	2	3	4	1	5	6	7	8	9	10	11	12	13	4	14	14
4	200549964	200552292	1	1	2	3	1	4	5	6	7	8	9	10	11	12	3	13	13
4	200552292	200896361	1	1	2	3	1	4	5	6	7	8	9	10	11	12	13	14	14
4	200896361	202464006	1	1	2	3	4	5	6	7	8	9	10	11	12	13	14	15	15
4	202464006	203545591	1	1	2	3	4	5	6	7	8	9	4	10	11	12	13	14	14
4	203545591	203984222	1	1	2	3	4	5	6	7	8	9	10	11	12	13	14	15	15
4	203984222	203991608	1	2	3	4	5	6	7	8	9	10	11	12	13	14	15	16	16
4	203991608	204350431	1	2	3	4	5	6	5	7	8	9	10	11	12	13	14	15	15
4	204350431	204982042	1	1	2	3	4	5	4	6	7	8	9	10	11	12	13	14	14
4	204982042	205274808	1	1	2	3	4	5	4	6	7	8	9	10	11	12	1	13	13
4	205274808	206004153	1	1	2	3	4	5	4	6	7	8	9	10	11	4	1	12	12
4	206004153	206108148	1	1	2	3	4	3	4	5	6	7	8	9	10	4	1	11	11
4	206108148	206380942	1	1	2	3	4	3	5	6	7	8	9	10	11	5	1	12	12
4	206380942	206451770	1	1	2	3	4	3	5	6	7	8	9	10	11	5	12	13	13
4	206451770	206537300	1	1	2	3	4	3	5	6	7	8	9	10	11	12	13	14	14
4	206537300	206592829	1	1	2	3	4	3	5	6	7	8	9	10	11	12	6	13	13
4	206592829	206849588	1	1	2	3	4	3	5	6	7	8	6	9	10	11	6	12	12
4	206849588	207127835	1	1	2	3	4	3	5	6	7	8	6	9	1	10	6	11	11
4	207127835	208650504	1	1	2	3	4	3	5	1	6	7	1	8	1	9	1	10	10
4	208650504	209091099	1	1	2	3	4	3	5	6	7	8	1	9	1	10	1	11	11
4	209091099	209243472	1	1	2	3	4	3	5	6	7	8	9	10	1	11	9	12	12
4	209243472	209270179	1	1	2	3	4	3	5	6	7	8	9	10	1	11	12	13	13
4	209270179	209379341	1	2	3	4	5	4	6	7	8	9	10	11	1	12	13	14	14
4	209379341	209387011	1	1	2	3	4	3	5	6	7	8	9	10	1	11	12	13	13
4	209387011	209507954	1	1	2	3	4	3	5	6	7	8	9	10	1	11	12	4	12
4	209507954	209871214	1	1	2	3	4	3	5	6	5	7	8	9	1	10	11	4	11
4	209871214	210738788	1	1	2	3	4	5	6	7	6	8	9	10	1	11	12	4	12
4	210738788	211443547	1	1	2	3	4	5	6	7	6	8	9	6	1	10	11	4	11
4	211443547	211445066	1	1	2	3	4	5	6	7	8	9	10	6	1	11	12	13	13
4	211445066	211530476	1	1	2	3	4	5	6	7	8	9	10	6	1	11	12	4	12
4	211530476	212257898	1	1	2	3	4	5	6	7	8	9	10	6	1	8	11	4	11
4	212257898	212360087	1	1	2	3	4	5	6	7	8	9	10	11	1	8	12	4	12
4	212360087	213821418	1	1	2	3	4	5	6	7	8	9	10	11	12	8	13	4	13
4	213821418	214002742	1	1	2	3	4	5	6	7	8	9	10	11	12	13	14	4	14
4	214002742	216082342	1	1	2	3	4	5	6	7	8	9	10	8	11	12	13	4	13
4	216082342	216139450	1	1	2	3	4	5	6	7	8	9	10	11	12	13	14	4	14
4	216139450	217165158	1	2	3	4	5	6	7	8	9	10	11	12	13	14	15	5	15
4	217165158	219346343	1	2	3	2	4	5	6	7	8	9	10	11	12	13	14	4	14
4	219346343	219970746	1	2	3	2	4	5	6	7	8	9	10	8	11	12	13	4	13
4	219970746	220751443	1	2	3	4	5	6	7	8	9	10	11	9	12	13	14	5	14
4	220751443	221556490	1	2	3	4	5	6	7	8	9	10	11	9	12	13	2	5	13
4	221556490	224271469	1	2	3	4	5	6	7	8	9	10	11	12	13	14	2	5	14
4	224271469	225393385	1	2	3	4	5	6	7	5	8	9	10	11	12	13	2	5	13
4	225393385	225393713	1	2	3	4	5	6	7	8	9	10	11	12	13	14	2	8	14
4	225393713	226180929	1	2	3	4	5	6	7	5	8	9	10	11	12	13	2	5	13
4	226180929	226678155	1	2	3	4	5	6	7	5	8	2	9	10	11	12	2	5	12
4	226678155	226827067	1	2	3	4	5	6	7	5	8	2	9	10	11	12	13	14	14
4	226827067	227599029	1	2	3	4	5	6	7	5	8	2	9	10	11	12	13	5	13
4	227599029	227656603	1	2	3	4	5	6	7	8	9	2	10	11	12	13	14	5	14
4	227656603	228399713	1	2	3	4	5	6	7	5	8	2	9	10	11	12	13	5	13
4	228399713	228861437	1	2	3	4	5	6	7	5	8	9	10	11	12	13	14	5	14
4	228861437	228924458	1	2	3	4	5	6	7	8	9	10	11	12	13	14	15	8	15
4	228924458	229145255	1	2	3	4	5	6	7	5	8	9	10	11	12	13	14	5	14
4	229145255	230678320	1	1	2	3	4	5	6	4	7	8	9	10	11	12	13	4	13
4	230678320	230684848	1	1	2	3	4	5	6	4	7	8	9	10	11	12	13	14	14
4	230684848	231030112	1	1	2	3	4	5	6	4	7	8	9	10	11	12	13	4	13
4	231030112	231808154	1	2	3	4	5	6	7	5	8	9	10	11	12	13	14	5	14
4	231808154	232426851	1	2	3	4	5	6	7	5	8	9	10	11	12	7	13	5	13
4	232426851	232427990	1	2	3	4	5	6	7	5	8	9	10	11	12	7	13	14	14
4	232427990	232931361	1	2	3	4	5	6	7	5	8	9	10	11	12	7	13	5	13
4	232931361	233833818	1	2	3	4	5	6	7	5	8	9	10	11	12	13	14	5	14
4	233833818	234513023	1	2	3	4	5	6	7	8	9	10	11	12	13	14	15	5	15
4	234513023	234513464	1	2	3	4	5	6	7	8	9	7	10	11	12	13	14	5	14
4	234513464	234568387	1	2	3	4	5	6	7	8	9	7	10	11	12	13	14	15	15
4	234568387	234817799	1	2	3	4	5	6	7	8	9	7	10	11	12	13	14	5	14
4	234817799	234841998	1	2	3	4	5	6	7	8	9	7	10	5	11	12	13	5	13
4	234841998	234844865	1	2	3	4	5	6	5	7	8	5	9	5	10	11	12	5	12
4	234844865	234909574	1	2	3	4	5	6	5	7	8	5	9	5	2	10	11	5	11
4	234909574	235224838	1	2	3	4	1	5	1	6	7	1	8	1	2	9	10	1	10
4	235224838	235373549	1	2	3	4	1	5	6	7	8	1	9	1	2	10	11	1	11
4	235373549	235375559	1	2	3	4	1	5	6	7	8	1	9	10	2	11	12	1	12
4	235375559	235421706	1	2	3	4	1	5	6	7	8	1	9	1	2	10	11	1	11
4	235421706	235423478	1	2	3	4	5	6	7	8	9	1	10	1	2	11	12	5	12
4	235423478	235439408	1	1	2	3	4	5	6	7	8	1	9	1	1	10	11	4	11
4	235439408	235507085	1	1	2	3	4	5	6	7	8	1	9	1	10	11	12	4	12
4	235507085	235509554	1	1	2	3	4	5	6	7	8	9	10	1	11	12	13	4	13
4	235509554	236033528	1	1	2	3	4	5	6	1	7	8	9	1	10	11	12	4	12
4	236033528	236107163	1	2	3	4	5	6	7	2	8	9	10	2	11	12	13	5	13
4	236107163	236115541	1	2	3	4	5	6	7	8	9	10	11	2	12	13	14	5	14
4	236115541	236219755	1	2	3	4	5	6	5	7	8	9	10	2	11	12	13	5	13
4	236219755	236402784	1	2	3	4	5	6	5	7	8	9	10	11	12	13	14	5	14
4	236402784	236491156	1	2	3	4	5	6	5	7	8	9	10	11	12	13	14	15	15
4	236491156	236550765	1	2	3	4	5	6	5	7	8	9	10	11	12	13	14	5	14
4	236550765	236573508	1	2	3	4	5	6	7	8	9	10	11	12	13	14	15	5	15
4	236573508	236587066	1	2	3	4	5	6	7	8	9	10	11	12	13	14	3	5	14
4	236587066	237012422	1	2	3	3	4	5	6	7	8	9	10	11	12	13	3	4	13
4	237012422	237748490	1	2	3	3	4	5	6	7	8	9	10	11	1	12	3	4	12
4	237748490	238008957	1	2	3	3	4	5	6	7	8	9	10	11	1	12	13	4	13
4	238008957	238092326	1	2	3	3	4	5	6	4	7	8	9	10	1	11	12	4	12
4	238092326	238103495	1	2	3	4	5	6	7	5	8	9	10	11	1	12	13	5	13
4	238103495	238506272	1	2	3	4	5	6	7	5	8	9	10	11	1	12	10	5	12
4	238506272	238721860	1	2	3	4	5	6	7	5	8	9	10	11	12	13	10	5	13
4	238721860	238722690	1	2	3	4	5	6	7	5	8	9	4	10	11	12	4	5	12
4	238722690	238737004	1	2	3	4	5	6	7	8	9	10	4	11	12	13	4	5	13
4	238737004	239091607	1	2	3	4	5	6	7	8	9	10	4	11	12	13	14	5	14
4	239091607	239250861	1	2	3	4	5	6	7	8	9	5	4	10	11	12	13	5	13
4	239250861	239307351	1	2	3	4	5	6	7	8	9	5	10	11	12	13	14	5	14
4	239307351	239526989	1	2	3	4	5	3	6	7	8	5	1	9	10	11	4	5	11
4	239526989	239589499	1	2	3	4	5	3	6	7	8	9	1	10	11	12	4	5	12
4	239589499	239601096	1	2	3	4	5	3	6	7	8	9	10	11	12	13	4	5	13
4	239601096	239603183	1	2	3	4	5	6	7	8	9	10	11	12	13	14	4	5	14
4	239603183	239712776	1	2	3	4	5	6	7	8	9	10	11	12	13	14	4	15	15
4	239712776	240043348	1	2	3	4	5	6	7	8	9	10	11	12	13	14	15	16	16
4	240043348	240292787	1	2	3	4	5	6	7	2	8	9	10	11	12	13	14	15	15
4	240292787	240409729	1	2	3	4	5	6	7	8	9	10	11	12	13	14	15	16	16
4	240409729	240417166	1	2	3	4	5	6	7	8	9	10	11	12	13	7	14	15	15
4	240417166	240650499	1	1	2	3	4	5	6	7	8	9	10	11	12	6	13	14	14
4	240650499	240823746	1	1	2	3	4	5	6	7	8	9	10	11	12	6	13	4	13
4	240823746	241346483	1	1	2	3	4	5	6	7	8	9	10	11	12	13	14	4	14
4	241346483	241621766	1	1	2	3	4	5	6	7	8	9	10	11	12	13	14	15	15
4	241621766	241636128	1	1	2	3	4	5	6	7	6	8	9	10	11	12	13	14	14
4	241636128	241638008	1	1	2	3	4	5	6	7	6	8	1	9	10	11	12	13	13
4	241638008	241721198	1	1	2	3	1	4	5	6	5	7	1	8	9	10	11	12	12
4	241721198	241795536	1	2	3	4	1	5	6	7	6	8	1	9	10	11	12	13	13
4	241795536	241796005	1	2	3	4	1	5	6	7	6	8	9	10	11	12	13	14	14
4	241796005	241796468	1	2	3	4	5	6	7	8	7	9	10	11	12	13	14	15	15
4	241796468	241810548	1	2	3	4	5	6	7	8	9	10	11	12	13	14	15	16	16
4	241810548	242149328	1	2	3	4	5	6	7	8	9	10	11	12	13	5	14	15	15
4	242149328	242213492	1	2	3	4	5	6	7	8	9	10	11	12	13	14	15	16	16
4	242213492	242213733	1	2	3	4	5	6	7	8	9	10	11	12	13	14	8	5	14
4	242213733	242219948	1	2	3	4	5	1	6	7	8	9	10	11	12	13	7	5	13
4	242219948	242390637	1	2	3	4	5	1	6	7	8	9	10	11	10	2	7	5	11
4	242390637	242394220	1	2	3	4	5	1	6	7	8	9	10	11	12	2	7	5	12
4	242394220	242396869	1	2	3	4	5	1	6	7	8	9	10	11	12	13	7	5	13
4	242396869	242396984	1	2	3	4	5	1	6	7	8	9	10	11	12	13	14	5	14
4	242396984	242401082	1	1	2	3	4	1	5	6	7	8	9	10	11	12	13	4	13
4	242401082	242401782	1	1	2	3	4	1	5	6	7	8	9	10	11	12	1	4	12
4	242401782	242524429	1	1	2	3	4	5	6	7	6	8	9	10	11	12	1	4	12
4	242524429	242562276	1	1	2	3	4	5	6	4	6	7	8	9	10	11	1	4	11
4	242562276	242567683	1	1	2	3	4	5	6	4	7	8	9	10	11	12	1	4	12
4	242567683	242569033	1	1	2	3	4	5	6	4	7	8	9	10	11	12	1	13	13
4	242569033	242572008	1	1	2	3	4	5	6	4	7	8	9	10	11	12	1	5	12
4	242572008	242632746	1	1	2	3	4	5	6	4	7	7	8	9	10	11	1	5	11
4	242632746	242646457	1	2	3	4	5	6	7	5	8	8	9	10	11	12	1	6	12
4	242646457	242694652	1	2	3	4	5	6	7	5	8	8	9	10	11	12	13	6	13
4	242694652	242699048	1	2	3	4	5	6	7	5	8	9	10	11	12	13	14	6	14
4	242699048	242868340	1	2	3	4	5	6	7	5	8	9	10	11	12	13	14	15	15
4	242868340	242982775	1	2	3	4	5	6	7	8	9	10	11	12	13	14	15	16	16
4	242982775	243161243	1	2	3	4	5	6	7	8	9	10	11	12	13	14	15	11	15
4	243161243	243226771	1	2	3	4	2	5	6	7	8	9	10	11	12	13	14	10	14
4	243226771	243230389	1	2	3	4	2	5	6	1	7	8	9	10	11	12	13	9	13
4	243230389	243233124	1	2	3	4	2	5	6	1	7	8	9	10	11	12	13	14	14
4	243233124	243346888	1	2	3	4	2	5	6	1	7	8	9	10	11	12	2	13	13
4	243346888	243354794	1	2	3	4	2	5	6	1	7	8	9	10	5	11	2	12	12
4	243354794	243417802	1	2	3	4	2	5	6	1	7	8	9	10	5	11	2	8	11
4	243417802	243418051	1	2	3	4	5	6	7	1	8	9	10	11	6	12	5	9	12
4	243418051	243421522	1	2	3	4	5	6	7	8	9	10	11	12	6	13	5	10	13
4	243421522	243421906	1	2	3	4	5	6	7	8	9	10	11	12	6	13	14	10	14
4	243421906	243522368	1	2	3	4	5	6	7	8	7	9	10	11	6	12	13	9	13
4	243522368	243522397	1	2	3	4	5	6	7	5	7	8	9	10	6	11	12	8	12
4	243522397	243525328	1	2	3	4	5	6	7	5	8	9	10	11	6	12	13	9	13
4	243525328	243606268	1	2	3	4	5	6	7	5	8	9	10	11	12	13	14	9	14
4	243606268	243694874	1	2	3	4	5	6	7	5	8	9	10	11	12	13	14	15	15
4	243694874	243758945	1	2	3	4	5	1	6	5	3	7	8	9	10	11	12	13	13
4	243758945	243874106	1	2	3	4	5	1	6	7	3	8	9	10	11	12	13	14	14
4	243874106	244609421	1	2	3	4	5	6	7	8	3	9	10	11	12	13	14	15	15
4	244609421	244691069	1	2	3	4	5	6	7	8	3	9	10	11	12	10	13	14	14
4	244691069	244691100	1	1	2	3	4	5	6	7	2	8	9	10	11	9	12	13	13
4	244691100	244802917	1	1	2	3	4	5	6	7	8	9	10	11	12	10	13	14	14
4	244802917	244809698	1	1	2	3	4	5	6	7	8	9	10	11	12	13	14	15	15
4	244809698	244825917	1	1	2	3	4	5	6	7	8	9	10	11	12	2	13	14	14
4	244825917	244828235	1	1	2	3	4	5	6	7	8	9	10	11	12	2	13	4	13
4	244828235	244831063	1	1	2	3	4	5	6	6	7	8	9	10	11	2	12	4	12
4	244831063	244882635	1	2	3	4	5	6	7	7	8	9	10	11	12	3	13	5	13
4	244882635	245083866	1	2	3	4	5	6	7	7	8	9	10	11	12	13	14	5	14
4	245083866	245170442	1	2	3	4	5	6	7	8	9	10	11	12	13	14	15	5	15
4	245170442	245304031	1	2	3	3	4	5	6	7	8	9	2	10	11	12	13	4	13
4	245304031	245346859	1	2	3	4	5	6	7	8	9	10	2	11	12	13	14	5	14
4	245346859	245464131	1	2	3	4	5	6	7	8	9	10	11	12	13	14	15	5	15
4	245464131	245470288	1	2	3	4	5	6	7	8	9	10	11	12	13	14	15	16	16
4	245470288	245638180	1	2	3	4	5	6	7	8	9	6	10	11	12	13	14	15	15
4	245638180	245865359	1	2	3	4	5	6	7	8	9	10	11	12	13	14	15	16	16
4	245865359	245875966	1	2	3	4	5	6	7	8	9	10	11	12	13	4	14	15	15
4	245875966	245886646	1	2	3	4	5	6	7	8	9	10	11	12	13	4	4	14	14
4	245886646	245927742	1	2	3	4	5	6	7	8	9	10	8	11	12	4	4	13	13
4	245927742	245972904	1	2	3	4	5	6	7	8	9	10	8	11	4	4	4	12	12
4	245972904	246033062	1	2	3	4	5	6	5	7	8	9	7	10	4	4	4	11	11
4	246033062	246057095	1	2	3	4	2	5	2	6	7	8	6	9	4	4	4	10	10
4	246057095	246131252	1	2	3	4	2	4	2	5	6	7	5	8	4	4	4	9	9
4	246131252	246276401	1	2	3	4	2	4	2	5	6	7	8	9	4	4	4	10	10
4	246276401	246550146	1	2	3	4	2	4	2	5	6	7	8	9	10	4	4	11	11
4	246550146	246907405	1	2	3	4	5	6	2	7	8	9	10	11	12	6	6	13	13
