chrom	start	end	B73_inra	A632_usa	CO255_inra	FV252_inra	OH43_inra	A654_inra	FV2_inra	C103_inra	EP1_inra	D105_inra	W117_inra	B96	DK63	F492	ND245	VA85	n_haps
5	14195	89362	1	2	3	4	5	6	7	8	9	10	11	12	6	13	14	15	15
5	89362	473174	1	2	3	4	5	6	7	8	9	10	11	12	6	13	10	14	14
5	473174	685166	1	2	3	4	5	1	6	7	8	9	2	10	1	11	9	9	11
5	685166	705455	1	2	3	4	5	1	6	7	8	9	2	10	1	9	9	9	10
5	705455	845724	1	2	3	4	5	1	6	7	8	7	2	9	1	7	7	7	9
5	845724	950367	1	2	3	4	5	1	3	6	7	6	2	8	1	6	6	6	8
5	950367	951759	1	2	3	4	5	1	3	6	7	8	2	9	1	8	8	8	9
5	951759	957131	1	2	3	4	5	1	3	6	7	1	2	8	1	1	1	1	8
5	957131	974824	1	2	3	4	5	1	3	6	7	8	2	9	1	8	8	1	9
5	974824	1066495	1	2	3	4	5	1	3	6	7	8	2	9	10	8	8	1	10
5	1066495	1074298	1	2	3	4	5	1	3	6	7	6	2	8	9	6	6	1	9
5	1074298	1088258	1	2	3	4	5	1	3	6	7	6	2	8	4	6	6	1	8
5	1088258	1094792	1	2	3	4	5	1	3	6	7	6	2	8	4	9	6	1	9
5	1094792	1095460	1	2	3	4	5	1	6	7	8	7	2	9	4	10	7	1	10
5	1095460	1099391	1	2	3	4	5	6	7	8	9	8	2	10	4	11	8	6	11
5	1099391	1127071	1	2	3	4	5	6	7	8	9	10	2	11	4	12	8	6	12
5	1127071	1134654	1	2	3	4	5	6	7	8	9	10	2	11	4	2	8	6	11
5	1134654	1134703	1	2	3	4	5	6	7	8	1	9	2	10	4	2	8	6	10
5	1134703	1163735	1	2	3	4	5	6	7	8	1	9	10	11	4	2	8	6	11
5	1163735	1164476	1	2	3	4	5	6	7	8	1	9	10	11	12	2	8	6	12
5	1164476	1167794	1	2	3	4	5	6	7	8	1	9	4	10	11	2	8	6	11
5	1167794	1222809	1	2	3	4	5	6	7	8	1	9	4	4	10	2	8	6	10
5	1222809	1225795	1	2	3	4	5	6	7	8	1	9	4	4	10	2	8	2	10
5	1225795	1282713	1	2	3	4	5	6	7	8	1	1	4	4	9	2	8	2	9
5	1282713	1282795	1	2	3	4	5	1	6	7	1	1	4	4	8	2	7	2	8
5	1282795	1366866	1	2	3	1	4	5	6	7	5	5	1	1	8	2	7	2	8
5	1366866	1367692	1	2	3	1	4	5	6	7	5	5	1	1	8	9	10	9	10
5	1367692	1397798	1	2	3	1	4	5	6	7	5	5	8	1	9	10	11	10	11
5	1397798	1508112	1	2	3	1	4	5	6	7	5	8	9	1	10	11	12	11	12
5	1508112	1511124	1	2	3	4	5	6	7	8	6	9	10	1	11	12	13	12	13
5	1511124	1572141	1	2	3	4	5	6	7	8	9	10	11	1	12	13	14	13	14
5	1572141	1579526	1	2	3	4	5	6	7	8	9	10	11	12	13	14	15	14	15
5	1579526	1766089	1	2	3	4	5	6	7	8	9	10	11	12	13	14	15	16	16
5	1766089	1942181	1	2	3	4	5	6	7	8	9	10	5	11	12	13	14	15	15
5	1942181	2065390	1	2	3	4	1	5	6	7	8	9	1	10	11	12	13	14	14
5	2065390	2166353	1	2	3	4	5	6	7	8	9	10	1	11	12	13	14	15	15
5	2166353	2460209	1	2	3	4	5	6	7	8	9	10	11	12	13	14	15	16	16
5	2460209	2555346	1	2	3	4	5	6	7	8	5	9	10	11	12	13	14	15	15
5	2555346	2557488	1	2	3	4	5	6	7	8	9	10	11	12	13	14	15	16	16
5	2557488	2691257	1	2	3	4	5	6	3	7	8	9	10	11	12	13	14	15	15
5	2691257	2830136	1	2	3	4	5	6	7	8	9	10	11	12	13	14	15	16	16
5	2830136	2931063	1	1	2	3	4	5	6	7	8	9	10	11	12	13	14	15	15
5	2931063	2933448	1	1	2	3	4	5	6	7	8	9	6	10	11	12	13	14	14
5	2933448	3144563	1	2	3	4	5	6	7	8	9	10	7	11	12	13	14	9	14
5	3144563	3151300	1	1	2	3	4	5	6	7	8	9	6	10	11	12	13	8	13
5	3151300	3404884	1	1	2	3	4	5	6	7	8	9	6	10	11	12	13	14	14
5	3404884	3413234	1	1	2	3	4	5	6	7	8	9	10	11	12	13	14	15	15
5	3413234	3492209	1	2	3	4	5	6	7	8	9	10	11	12	13	14	15	16	16
5	3492209	3626215	1	1	2	3	4	5	6	7	8	9	10	11	12	13	14	15	15
5	3626215	3734530	1	1	2	3	4	5	6	7	2	8	9	10	11	12	13	14	14
5	3734530	3734763	1	2	3	4	5	6	7	8	3	9	10	11	12	13	14	15	15
5	3734763	3821927	1	1	2	3	4	5	6	7	2	8	9	10	11	12	13	14	14
5	3821927	3892617	1	1	2	3	4	5	2	6	2	7	8	9	10	11	12	13	13
5	3892617	4104669	1	1	2	3	4	5	2	6	7	8	9	10	11	12	13	14	14
5	4104669	4111474	1	1	2	3	4	5	6	7	8	9	10	11	12	13	14	15	15
5	4111474	4250774	1	1	2	3	4	5	6	7	2	8	9	10	11	12	13	14	14
5	4250774	4387838	1	1	2	3	4	5	6	7	2	8	9	10	11	12	13	12	13
5	4387838	4458893	1	1	2	1	3	4	5	6	2	7	8	9	10	11	12	11	12
5	4458893	4536363	1	1	2	1	3	4	5	6	2	7	8	9	10	11	12	13	13
5	4536363	4585814	1	1	2	1	3	4	5	6	2	7	8	9	1	10	11	12	12
5	4585814	4674379	1	1	2	3	4	5	6	7	2	8	9	10	3	11	12	13	13
5	4674379	4700554	1	1	2	3	4	5	6	7	2	8	9	10	11	12	13	14	14
5	4700554	5051671	1	1	2	3	4	5	6	4	2	7	8	9	10	11	12	13	13
5	5051671	5182674	1	1	2	3	4	5	6	7	2	8	9	10	11	12	13	14	14
5	5182674	5182804	1	2	3	4	5	6	7	8	3	9	10	11	12	13	14	15	15
5	5182804	5233190	1	1	2	3	4	5	6	7	2	8	9	10	11	12	13	14	14
5	5233190	5327802	1	1	2	3	4	5	1	6	2	7	8	9	10	11	12	13	13
5	5327802	5377165	1	1	2	3	4	5	1	6	2	7	8	9	10	9	11	12	12
5	5377165	5504224	1	1	2	3	4	5	6	7	2	8	9	10	11	10	12	13	13
5	5504224	5726605	1	1	2	3	4	5	6	7	2	8	9	10	11	12	13	14	14
5	5726605	5800685	1	1	2	3	4	5	6	4	2	7	8	9	10	11	12	13	13
5	5800685	5982593	1	1	2	3	4	5	6	7	2	8	9	10	11	12	13	14	14
5	5982593	6002806	1	1	2	3	4	5	6	7	2	8	3	9	1	10	11	12	12
5	6002806	6176746	1	1	2	3	4	4	5	6	2	7	3	8	1	9	10	11	11
5	6176746	6180390	1	1	2	3	4	5	6	7	2	8	3	9	1	10	11	12	12
5	6180390	6347753	1	1	2	3	4	5	6	7	2	8	9	10	1	11	12	13	13
5	6347753	6556520	1	1	2	3	4	5	6	7	2	8	9	10	11	12	13	14	14
5	6556520	6607426	1	1	2	3	4	5	6	7	2	6	8	9	10	11	12	13	13
5	6607426	6654923	1	1	2	3	4	5	6	7	8	6	9	10	11	12	13	14	14
5	6654923	6704045	1	1	2	3	4	5	2	6	7	2	8	9	10	11	12	13	13
5	6704045	6713037	1	1	2	3	4	5	2	6	7	8	9	10	11	12	13	14	14
5	6713037	6713088	1	1	2	3	4	5	2	6	7	8	9	10	1	11	12	13	13
5	6713088	6759073	1	2	3	4	5	6	3	7	8	9	10	11	1	12	13	14	14
5	6759073	6864631	1	2	3	4	5	6	7	8	9	10	11	12	1	13	14	15	15
5	6864631	6946523	1	2	3	4	5	6	7	8	9	10	11	12	1	13	14	11	14
5	6946523	6952548	1	2	3	4	5	6	7	7	8	9	10	11	1	12	13	10	13
5	6952548	7096731	1	2	3	1	4	5	4	4	6	7	8	9	1	10	11	8	11
5	7096731	7155809	1	2	3	1	4	5	4	4	6	7	8	9	1	10	11	12	12
5	7155809	7181897	1	2	3	1	4	5	6	4	7	8	9	10	1	11	12	13	13
5	7181897	7196269	1	2	3	1	4	5	6	7	8	9	10	11	1	12	13	14	14
5	7196269	7384301	1	2	3	4	5	6	7	8	9	10	11	12	1	13	14	15	15
5	7384301	7387329	1	1	2	3	4	5	6	7	8	9	10	11	1	12	13	14	14
5	7387329	7389965	1	1	2	3	4	5	6	7	8	6	9	10	1	11	12	13	13
5	7389965	7501384	1	1	2	3	4	5	6	7	8	6	9	10	11	12	13	14	14
5	7501384	7524600	1	1	2	3	2	4	5	6	7	5	8	9	10	11	12	13	13
5	7524600	7531229	1	1	2	3	2	4	5	6	7	8	9	10	11	12	13	14	14
5	7531229	7622355	1	1	2	3	2	4	5	6	7	8	1	9	10	11	12	13	13
5	7622355	7699273	1	1	2	3	4	5	6	7	8	9	1	10	11	12	13	14	14
5	7699273	7715511	1	1	2	3	4	5	6	7	8	9	10	11	12	13	14	15	15
5	7715511	7809712	1	1	2	3	4	5	6	7	8	9	10	11	12	13	14	12	14
5	7809712	7921428	1	2	3	4	5	6	7	8	9	10	11	12	13	14	15	13	15
5	7921428	8018788	1	2	3	4	5	6	7	8	9	10	11	12	13	14	14	13	14
5	8018788	8066395	1	2	3	4	5	6	7	8	9	10	11	12	13	14	14	15	15
5	8066395	8182112	1	2	3	4	5	6	7	8	9	10	11	12	13	14	15	16	16
5	8182112	8363617	1	2	3	4	5	6	7	8	9	10	11	12	4	13	14	15	15
5	8363617	8896167	1	2	3	4	5	6	7	4	8	9	10	11	4	12	13	14	14
5	8896167	9183131	1	2	3	4	5	6	7	4	8	9	10	11	4	1	12	13	13
5	9183131	9337104	1	2	3	4	5	3	6	4	7	8	9	10	4	1	11	12	12
5	9337104	9835946	1	2	3	4	5	3	6	7	8	9	10	11	4	1	12	13	13
5	9835946	9836721	1	2	3	4	5	6	7	8	9	10	11	12	4	1	13	14	14
5	9836721	10007224	1	2	3	4	5	6	7	8	9	10	11	12	13	1	14	15	15
5	10007224	10007462	1	2	3	4	5	6	7	8	9	1	10	11	12	1	13	14	14
5	10007462	10177103	1	2	3	4	5	6	7	8	9	10	11	12	13	10	14	15	15
5	10177103	10321188	1	2	3	4	5	6	7	8	9	10	11	12	13	10	14	8	14
5	10321188	10606132	1	2	3	4	5	6	7	8	9	10	11	12	13	14	15	8	15
5	10606132	10721564	1	2	3	4	5	4	6	2	7	8	9	10	11	12	13	2	13
5	10721564	10829060	1	2	3	4	5	4	6	2	7	3	8	9	10	11	12	2	12
5	10829060	10874500	1	2	3	4	5	4	6	2	7	3	2	8	9	10	11	2	11
5	10874500	11026194	1	2	3	4	3	4	5	2	6	3	2	7	8	9	10	2	10
5	11026194	11030745	1	2	3	4	3	4	5	2	6	7	2	8	9	10	11	2	11
5	11030745	11032841	1	2	3	4	3	5	6	2	7	8	2	9	10	11	12	2	12
5	11032841	11053198	1	2	3	4	3	5	6	2	7	3	2	8	9	10	11	2	11
5	11053198	11127584	1	2	1	3	1	4	5	2	6	1	2	7	8	9	10	2	10
5	11127584	11138645	1	2	3	4	1	5	6	2	7	1	2	8	9	10	11	2	11
5	11138645	11237460	1	2	3	4	1	5	6	2	1	1	2	7	8	9	10	2	10
5	11237460	11238927	1	2	3	4	1	5	6	2	1	7	2	8	9	10	11	2	11
5	11238927	11247478	1	2	3	4	1	5	5	2	1	6	2	7	8	9	10	2	10
5	11247478	11391474	1	2	3	4	1	5	5	2	1	6	2	7	2	8	9	2	9
5	11391474	11391859	1	2	3	4	1	5	6	2	1	7	2	8	2	9	10	2	10
5	11391859	11394881	1	2	3	4	5	6	7	2	5	8	9	10	9	11	12	2	12
5	11394881	11717594	1	2	3	4	5	6	7	8	9	10	11	12	11	13	14	8	14
5	11717594	11746014	1	2	3	4	5	6	7	8	9	10	11	12	13	14	15	8	15
5	11746014	11958798	1	2	3	4	5	6	7	8	9	10	11	12	8	13	14	8	14
5	11958798	11960197	1	2	3	4	5	6	7	4	8	9	10	11	4	12	13	4	13
5	11960197	11967021	1	2	3	4	5	6	7	4	8	9	3	10	4	11	12	4	12
5	11967021	12059469	1	2	3	4	5	6	6	4	7	8	3	9	4	10	11	4	11
5	12059469	12227697	1	2	3	4	5	6	6	4	7	8	3	9	4	10	2	4	10
5	12227697	12228062	1	2	3	4	2	5	6	4	7	8	3	9	4	10	2	4	10
5	12228062	12230212	1	2	3	4	2	5	6	4	7	8	9	10	4	11	2	4	11
5	12230212	12244942	1	2	3	4	2	5	6	4	7	8	9	10	11	12	2	11	12
5	12244942	12329761	1	2	3	4	2	5	6	4	7	8	9	10	11	12	2	13	13
5	12329761	12351916	1	2	3	4	2	5	6	7	8	9	10	11	12	13	2	14	14
5	12351916	12355759	1	2	3	4	5	6	7	8	9	10	11	12	13	14	5	15	15
5	12355759	12641259	1	2	3	4	5	6	7	8	9	10	11	12	6	13	5	14	14
5	12641259	12718018	1	2	3	4	5	6	7	8	9	10	11	12	6	13	5	11	13
5	12718018	12925677	1	2	3	4	5	6	7	8	9	10	11	12	13	14	5	11	14
5	12925677	12930096	1	2	3	4	5	6	7	8	9	10	11	12	13	14	15	16	16
5	12930096	13414655	1	2	3	4	5	6	7	8	9	10	11	12	10	13	14	15	15
5	13414655	13659461	1	2	3	4	5	6	7	8	9	10	11	12	13	14	15	16	16
5	13659461	13661807	1	2	3	4	5	6	7	8	9	10	11	12	13	6	14	15	15
5	13661807	13668479	1	2	3	4	4	5	6	7	8	9	10	11	12	5	13	14	14
5	13668479	14084659	1	2	3	4	4	5	6	7	8	9	10	11	12	5	13	9	13
5	14084659	14471149	1	2	3	4	4	5	6	7	8	9	10	11	12	5	13	14	14
5	14471149	14480259	1	2	3	4	4	5	6	7	8	9	10	11	12	13	4	14	14
5	14480259	14512051	1	2	3	4	4	5	6	7	8	2	9	10	11	12	4	13	13
5	14512051	14847643	1	2	3	4	4	5	6	7	8	2	9	10	11	4	4	12	12
5	14847643	14979269	1	2	3	4	4	5	6	7	8	9	10	11	12	4	4	13	13
5	14979269	15091098	1	2	3	4	4	5	6	7	8	9	10	8	11	4	4	12	12
5	15091098	15092695	1	2	3	4	5	6	7	8	9	10	11	9	12	5	5	13	13
5	15092695	15169780	1	2	3	4	5	6	7	8	9	10	11	9	12	13	5	14	14
5	15169780	15172618	1	2	3	4	5	6	7	8	9	10	11	12	13	14	5	15	15
5	15172618	15731783	1	2	3	4	5	6	7	8	9	10	11	12	13	14	15	16	16
5	15731783	15732424	1	2	3	4	5	6	7	8	9	10	11	12	13	14	2	15	15
5	15732424	15982794	1	2	3	4	5	6	7	8	9	10	11	12	13	14	2	11	14
5	15982794	15982850	1	2	3	1	4	5	6	7	8	9	10	11	12	13	2	10	13
5	15982850	15999442	1	2	3	1	4	5	6	7	8	9	10	11	12	10	2	10	12
5	15999442	16103642	1	2	3	1	4	5	6	7	8	9	10	11	12	10	2	13	13
5	16103642	16252149	1	2	3	1	4	5	6	7	8	9	10	11	12	10	13	14	14
5	16252149	16355985	1	2	3	1	4	5	6	7	8	9	10	11	12	10	1	13	13
5	16355985	16554542	1	2	3	1	4	5	6	7	8	9	10	11	4	12	1	13	13
5	16554542	16556828	1	2	3	4	5	6	7	8	9	10	11	12	5	13	1	14	14
5	16556828	16560347	1	2	3	1	4	5	6	7	8	9	10	11	4	12	1	13	13
5	16560347	16649287	1	2	3	1	4	5	6	7	6	8	9	10	4	11	1	12	12
5	16649287	16649978	1	2	3	1	4	1	5	6	5	7	8	9	4	10	1	11	11
5	16649978	16650758	1	2	3	1	4	1	5	6	5	7	8	9	10	11	1	12	12
5	16650758	16708713	1	2	3	1	4	1	5	6	5	7	8	9	10	11	1	1	11
5	16708713	16770412	1	2	3	1	4	5	6	7	6	8	9	10	11	12	5	5	12
5	16770412	17029929	1	2	3	1	4	5	6	7	6	8	9	10	7	11	5	5	11
5	17029929	17052208	1	2	3	1	4	5	6	7	6	8	9	10	7	11	5	12	12
5	17052208	17280196	1	2	3	1	4	5	6	7	8	9	10	11	7	12	5	13	13
5	17280196	17459790	1	2	3	1	4	5	6	7	8	9	10	11	12	13	5	14	14
5	17459790	17464799	1	2	3	1	4	5	6	7	8	9	10	11	12	13	14	15	15
5	17464799	17513624	1	2	3	4	5	4	6	7	3	8	9	10	11	12	13	14	14
5	17513624	17516908	1	2	3	4	5	4	6	7	3	8	9	10	11	12	13	10	13
5	17516908	18020714	1	2	3	1	4	1	5	6	3	7	8	9	10	11	12	9	12
5	18020714	18188623	1	2	3	1	4	5	6	7	3	8	9	10	11	12	13	10	13
5	18188623	18286523	1	2	3	4	5	6	7	8	3	9	10	11	12	13	14	11	14
5	18286523	18304930	1	2	3	4	5	6	7	8	3	9	10	11	12	13	14	15	15
5	18304930	19022969	1	2	3	2	4	5	6	7	3	8	9	10	11	12	13	14	14
5	19022969	19166684	1	2	3	2	4	5	6	7	3	8	9	10	11	12	13	13	13
5	19166684	19172543	1	2	3	2	4	5	6	7	3	8	9	10	11	12	9	9	12
5	19172543	19173764	1	2	3	4	5	6	7	8	3	9	10	11	12	13	10	10	13
5	19173764	19238128	1	1	2	3	4	5	6	7	2	8	9	10	11	12	9	9	12
5	19238128	19312248	1	1	2	3	4	5	2	6	2	7	8	9	10	11	8	8	11
5	19312248	19733915	1	1	2	3	4	5	2	6	2	7	8	9	10	7	8	8	10
5	19733915	19940960	1	1	2	3	4	5	2	5	2	6	7	8	9	6	7	7	9
5	19940960	20023310	1	1	2	3	4	5	2	5	2	6	7	8	9	10	7	7	10
5	20023310	20025006	1	1	2	3	4	5	2	5	2	6	7	8	9	10	7	11	11
5	20025006	20025198	1	1	2	3	4	5	6	5	2	7	8	9	10	11	8	12	12
5	20025198	20163093	1	1	2	3	4	5	6	5	2	7	8	9	10	11	12	13	13
5	20163093	20165372	1	1	2	3	4	5	6	7	2	8	9	10	11	12	13	14	14
5	20165372	20165411	1	1	2	3	4	5	6	7	2	8	9	10	11	12	5	13	13
5	20165411	20984466	1	1	2	3	4	5	6	7	2	8	9	10	5	11	5	12	12
5	20984466	20986451	1	1	2	3	4	5	6	7	2	8	9	10	5	11	12	13	13
5	20986451	20987563	1	1	2	3	4	5	6	7	2	8	9	10	11	12	13	14	14
5	20987563	21177155	1	1	2	3	4	5	6	7	8	9	10	11	12	13	14	15	15
5	21177155	21906127	1	1	2	3	4	5	6	7	2	8	9	10	11	12	13	14	14
5	21906127	22526181	1	1	2	3	3	4	5	6	2	7	8	9	10	11	12	13	13
5	22526181	22528246	1	1	2	3	3	4	5	6	7	8	9	10	11	12	13	14	14
5	22528246	22861761	1	1	2	3	3	4	5	6	2	7	8	9	10	11	12	13	13
5	22861761	22863290	1	1	2	3	4	5	6	7	2	8	9	10	11	12	13	14	14
5	22863290	23182398	1	1	2	3	4	5	6	7	2	8	9	10	11	12	13	4	13
5	23182398	23272057	1	1	2	3	4	5	2	6	2	7	8	9	10	9	11	4	11
5	23272057	23316734	1	1	2	3	4	5	2	6	2	7	8	9	10	9	11	12	12
5	23316734	23396770	1	1	2	3	4	5	2	5	2	6	7	8	9	8	10	11	11
5	23396770	23657543	1	1	2	3	4	5	2	5	2	6	7	8	5	8	9	10	10
5	23657543	23881485	1	1	2	3	4	5	2	5	2	6	7	8	5	9	10	11	11
5	23881485	23882383	1	2	3	4	5	6	3	6	3	7	8	9	10	11	12	13	13
5	23882383	24172253	1	1	2	3	4	5	2	5	2	6	7	8	9	10	11	12	12
5	24172253	24275230	1	1	2	3	4	5	6	5	2	7	8	9	10	11	12	13	13
5	24275230	24675370	1	1	2	3	4	5	6	7	2	8	9	10	11	12	13	14	14
5	24675370	26280639	1	1	2	3	4	5	6	7	2	8	9	10	11	12	13	1	13
5	26280639	26706207	1	1	2	3	4	5	6	3	2	7	8	9	10	11	12	1	12
5	26706207	26716062	1	1	2	1	3	4	5	1	2	6	7	8	9	10	11	12	12
5	26716062	26716149	1	1	2	1	3	4	5	1	2	6	7	8	9	10	11	11	11
5	26716149	26716411	1	2	3	1	4	5	6	1	3	7	8	9	10	11	12	12	12
5	26716411	26946179	1	2	3	1	4	5	6	1	3	7	8	9	10	5	11	11	11
5	26946179	28241689	1	2	3	1	4	5	6	1	3	7	8	9	2	5	10	10	10
5	28241689	28476295	1	2	3	1	4	5	6	1	3	7	8	9	2	10	11	11	11
5	28476295	28478832	1	2	3	1	4	5	6	7	3	8	9	10	2	11	12	12	12
5	28478832	28482959	1	2	3	1	4	5	6	7	3	8	9	10	2	11	12	13	13
5	28482959	28721292	1	2	3	4	5	6	7	8	3	9	10	11	2	12	13	14	14
5	28721292	30415258	1	2	3	4	5	1	6	7	3	8	9	10	2	11	12	13	13
5	30415258	30655506	1	2	3	4	5	1	6	7	3	8	9	10	2	10	11	12	12
5	30655506	30721331	1	2	3	4	5	6	7	8	3	9	10	11	12	11	13	14	14
5	30721331	31566083	1	2	3	4	5	1	6	7	3	8	9	10	2	10	11	12	12
5	31566083	31590125	1	2	3	4	5	1	6	7	3	3	8	9	2	9	10	11	11
5	31590125	31731809	1	2	3	4	5	1	6	7	3	3	8	9	2	10	11	12	12
5	31731809	31741538	1	2	3	4	5	6	7	8	3	3	9	10	2	11	12	13	13
5	31741538	31745179	1	2	3	4	5	6	3	7	3	3	8	9	2	10	11	12	12
5	31745179	31924999	1	2	3	4	5	2	3	6	3	3	7	8	2	9	10	11	11
5	31924999	32367237	1	2	3	4	5	6	3	7	3	3	8	9	6	10	11	12	12
5	32367237	32535873	1	2	3	4	5	6	3	4	3	3	7	8	6	9	10	11	11
5	32535873	32981286	1	2	3	4	5	6	7	4	3	7	8	9	6	10	11	12	12
5	32981286	32984197	1	2	3	4	5	6	7	4	3	7	8	9	10	11	12	13	13
5	32984197	33002064	1	2	3	4	5	2	6	4	3	6	7	8	9	10	11	12	12
5	33002064	33009271	1	2	3	4	5	2	6	7	3	6	8	9	10	11	12	13	13
5	33009271	33026785	1	2	3	4	5	2	6	7	3	8	9	10	11	12	13	14	14
5	33026785	33525360	1	2	3	4	5	2	6	7	8	9	10	11	12	13	14	15	15
5	33525360	33911908	1	2	3	4	5	2	6	7	8	9	10	11	12	13	3	14	14
5	33911908	34042952	1	2	3	4	5	2	6	7	8	9	10	11	3	12	3	13	13
5	34042952	35349153	1	2	3	4	5	6	7	8	9	10	11	12	3	13	3	14	14
5	35349153	35981527	1	2	3	4	5	2	6	7	8	9	10	11	3	12	3	13	13
5	35981527	37518755	1	2	3	4	5	2	6	7	8	9	10	11	12	13	12	14	14
5	37518755	38237924	1	2	3	4	5	2	6	7	8	9	10	11	4	12	4	13	13
5	38237924	40361704	1	2	3	4	5	6	7	8	9	10	11	12	4	13	4	14	14
5	40361704	41784308	1	2	3	4	5	6	7	8	9	10	11	12	4	13	14	15	15
5	41784308	44976049	1	2	3	4	5	6	7	8	9	10	11	12	13	14	15	16	16
5	44976049	45904697	1	2	3	2	4	5	6	7	8	9	10	11	12	13	14	15	15
5	45904697	45992171	1	2	3	2	2	4	5	6	7	8	9	10	11	12	13	14	14
5	45992171	47142587	1	2	2	2	2	3	4	5	6	7	8	9	10	11	12	13	13
5	47142587	47272573	1	2	2	2	2	3	4	5	6	7	5	8	9	10	11	12	12
5	47272573	47424891	1	2	2	3	2	4	5	3	6	7	3	8	9	10	11	12	12
5	47424891	47954830	1	2	2	3	2	4	5	3	6	7	3	8	7	9	10	11	11
5	47954830	49117539	1	2	2	3	2	4	5	3	6	7	3	8	7	9	10	2	10
5	49117539	49117693	1	2	2	3	2	4	5	6	7	8	3	9	8	10	11	2	11
5	49117693	50001529	1	2	2	3	2	4	5	6	7	8	3	9	10	11	12	2	12
5	50001529	50065614	1	2	2	3	4	5	6	7	8	9	3	10	11	12	13	4	13
5	50065614	50194393	1	2	2	3	4	5	6	4	7	8	3	9	10	11	12	4	12
5	50194393	50694274	1	2	2	3	4	5	6	4	7	8	9	10	11	12	13	4	13
5	50694274	50796006	1	1	1	2	3	4	5	3	6	7	8	9	10	11	12	3	12
5	50796006	50799856	1	1	1	2	3	4	5	3	6	7	8	9	10	11	1	3	11
5	50799856	50865244	1	1	1	2	3	4	5	3	6	7	8	9	10	11	1	12	12
5	50865244	51983306	1	1	2	3	4	5	6	4	7	8	9	10	11	12	1	13	13
5	51983306	52020320	1	1	2	3	4	5	6	7	8	9	10	11	12	13	1	14	14
5	52020320	53082990	1	1	2	3	4	5	6	7	8	9	3	10	11	12	1	13	13
5	53082990	53087044	1	1	2	3	4	3	5	6	7	8	3	9	10	11	1	12	12
5	53087044	53087852	1	2	3	4	5	4	6	7	8	9	4	10	11	12	2	13	13
5	53087852	53298397	1	1	2	3	4	3	5	6	7	8	3	9	10	11	1	12	12
5	53298397	54597078	1	1	2	3	4	3	5	6	7	8	3	9	10	11	12	13	13
5	54597078	54727336	1	1	2	3	4	3	5	6	7	8	3	9	10	11	12	1	12
5	54727336	54830524	1	1	2	3	4	3	5	6	7	8	9	10	11	12	13	1	13
5	54830524	56106677	1	1	2	3	4	3	5	6	7	8	9	10	1	11	12	1	12
5	56106677	58733489	1	1	2	3	4	5	6	7	8	9	10	11	1	12	13	1	13
5	58733489	58760521	1	1	2	1	3	4	5	6	7	8	9	10	1	11	12	1	12
5	58760521	59638283	1	2	3	2	4	5	6	7	8	9	10	11	1	12	13	1	13
5	59638283	59906741	1	2	3	2	4	5	6	7	8	9	10	11	12	13	14	12	14
5	59906741	59908202	1	2	3	2	4	5	6	7	8	9	10	11	12	13	14	15	15
5	59908202	60536085	1	2	3	2	4	5	6	7	8	9	10	11	12	13	14	12	14
5	60536085	60770094	1	2	3	2	4	5	6	7	8	9	10	11	10	12	13	10	13
5	60770094	61554600	1	2	3	4	5	6	7	8	9	10	11	12	11	13	14	11	14
5	61554600	61806676	1	2	3	4	5	6	7	8	9	10	11	12	13	14	15	13	15
5	61806676	64782826	1	2	3	4	5	6	7	8	9	10	11	12	13	14	15	16	16
5	64782826	65190540	1	2	3	4	5	6	7	8	9	10	11	12	13	14	15	11	15
5	65190540	67040179	1	1	2	3	4	5	6	7	8	9	10	11	12	13	3	10	13
5	67040179	67939490	1	1	1	2	3	4	5	6	7	8	9	10	11	12	2	9	12
5	67939490	68186334	1	1	1	2	3	4	5	6	7	8	9	10	11	12	13	9	13
5	68186334	68357767	1	1	1	2	1	3	4	5	6	7	8	9	10	11	12	8	12
5	68357767	69322432	1	1	1	2	1	3	4	5	6	7	8	9	10	11	12	13	13
5	69322432	69323381	1	2	2	3	1	4	5	6	7	8	9	10	11	12	13	14	14
5	69323381	69448704	1	1	1	2	1	3	4	5	6	7	8	9	10	11	12	13	13
5	69448704	70346866	1	1	1	2	1	3	4	5	6	7	8	9	10	9	11	12	12
5	70346866	70447792	1	1	1	2	3	4	5	6	7	8	9	10	11	10	12	13	13
5	70447792	70448103	1	1	2	3	4	5	6	7	8	9	10	11	12	11	13	14	14
5	70448103	71063680	1	1	2	3	4	5	6	7	8	9	10	11	12	11	4	13	13
5	71063680	71716809	1	1	2	3	4	5	6	7	8	9	10	11	12	13	4	14	14
5	71716809	72024214	1	2	3	4	5	6	7	8	9	10	11	12	13	14	5	15	15
5	72024214	72855537	1	2	3	4	5	6	7	8	3	9	10	11	12	13	5	14	14
5	72855537	72869292	1	2	3	4	5	6	7	8	3	9	5	10	11	12	5	13	13
5	72869292	72933986	1	2	3	4	5	6	7	5	3	8	5	9	10	11	5	12	12
5	72933986	75204327	1	2	3	4	5	6	7	5	3	8	5	9	10	11	12	13	13
5	75204327	75272850	1	2	3	4	5	6	7	8	3	9	5	10	11	12	13	14	14
5	75272850	75277507	1	2	3	4	5	6	7	8	3	9	5	10	11	2	12	13	13
5	75277507	75293913	1	2	3	4	5	6	7	8	3	9	5	10	11	2	2	12	12
5	75293913	76224660	1	1	2	3	4	5	6	7	2	8	4	9	10	1	1	11	11
5	76224660	76544354	1	1	2	3	4	5	6	7	2	8	9	10	11	1	1	12	12
5	76544354	76602236	1	1	2	3	4	5	6	7	8	9	10	11	12	1	1	13	13
5	76602236	76800048	1	1	2	3	4	5	6	7	2	8	9	10	11	1	1	12	12
5	76800048	76815758	1	2	3	4	5	6	7	8	3	9	10	11	12	1	1	13	13
5	76815758	76866065	1	2	3	4	5	6	7	8	3	9	10	11	12	13	1	14	14
5	76866065	76866513	1	2	3	4	5	6	7	6	3	8	9	10	11	12	1	13	13
5	76866513	77178441	1	2	3	4	5	6	7	6	3	8	9	10	11	12	13	14	14
5	77178441	79029162	1	2	3	4	5	6	7	6	3	8	9	10	11	12	13	13	13
5	79029162	79251941	1	2	3	4	5	6	7	8	3	9	10	11	12	13	14	14	14
5	79251941	79390868	1	2	3	4	5	6	7	8	3	9	10	11	12	13	14	15	15
5	79390868	79392386	1	2	3	4	5	6	7	8	9	10	11	12	13	14	15	16	16
5	79392386	80727337	1	2	3	4	5	6	7	5	3	8	9	10	11	12	13	14	14
5	80727337	81753066	1	2	3	4	5	6	7	5	8	9	10	11	12	13	14	15	15
5	81753066	82112379	1	2	3	4	5	6	7	5	3	8	9	10	11	12	13	14	14
5	82112379	83597655	1	2	3	4	5	6	7	8	3	9	10	11	12	13	14	15	15
5	83597655	85119579	1	2	3	4	5	6	7	8	3	1	9	10	11	12	13	14	14
5	85119579	85123465	1	2	3	4	5	6	7	8	3	9	10	11	12	13	14	15	15
5	85123465	86654838	1	2	3	4	5	6	7	8	3	9	10	11	12	13	14	8	14
5	86654838	88307528	1	2	3	4	5	6	7	8	3	9	10	11	1	12	13	8	13
5	88307528	89128544	1	2	3	4	5	6	7	8	3	9	10	11	1	12	13	14	14
5	89128544	104966846	1	2	3	4	5	6	7	8	3	9	10	11	12	13	14	15	15
5	104966846	116341261	1	2	3	4	5	6	7	8	9	10	11	12	13	14	15	16	16
5	116341261	126283459	1	2	3	4	5	6	7	8	3	9	5	10	11	12	13	14	14
5	126283459	130786572	1	2	3	4	5	6	7	8	3	9	10	11	12	13	14	15	15
5	130786572	131471611	1	2	3	4	5	2	6	7	3	8	9	10	11	12	13	14	14
5	131471611	139739430	1	2	3	4	5	2	6	7	3	8	5	9	10	11	12	13	13
5	139739430	140369704	1	2	3	4	5	2	6	7	3	8	9	10	11	12	13	14	14
5	140369704	142582392	1	2	3	4	5	6	7	8	3	9	10	11	12	13	14	15	15
5	142582392	143793653	1	2	3	4	5	6	7	8	3	9	10	11	1	12	13	14	14
5	143793653	143850703	1	2	3	4	5	6	7	8	9	10	11	12	1	13	14	15	15
5	143850703	144578270	1	2	3	4	5	6	7	8	3	9	10	11	1	12	13	14	14
5	144578270	146356793	1	2	3	4	5	6	3	7	3	8	9	10	1	11	12	13	13
5	146356793	148525671	1	2	3	4	5	6	7	8	3	9	10	11	12	13	14	15	15
5	148525671	148527201	1	1	2	3	4	5	6	7	2	8	9	10	11	12	13	14	14
5	148527201	148742572	1	1	2	3	4	5	6	7	2	8	9	10	11	5	12	13	13
5	148742572	149167239	1	1	2	3	4	5	2	6	2	7	8	9	10	5	11	12	12
5	149167239	150304880	1	1	2	3	4	5	2	6	2	7	3	8	9	5	10	11	11
5	150304880	151135817	1	1	2	3	4	5	2	6	2	7	3	8	9	5	10	5	10
5	151135817	151135991	1	1	2	3	4	5	2	6	2	7	3	8	9	10	11	5	11
5	151135991	151213346	1	2	3	4	5	6	3	7	3	8	4	9	10	11	12	6	12
5	151213346	153523750	1	2	3	4	5	6	7	8	3	9	4	10	11	12	13	6	13
5	153523750	154039089	1	2	3	4	5	6	7	8	3	9	4	10	11	12	13	14	14
5	154039089	155418161	1	2	3	4	5	6	7	8	3	9	10	11	12	13	14	15	15
5	155418161	158849695	1	2	3	4	1	5	6	7	3	8	9	10	11	12	13	14	14
5	158849695	158937562	1	2	3	4	1	5	6	7	3	8	2	9	10	11	12	13	13
5	158937562	159327946	1	2	3	4	5	6	7	8	3	9	2	10	11	12	13	14	14
5	159327946	161263303	1	2	3	4	5	6	7	8	3	9	2	10	11	12	4	13	13
5	161263303	162432020	1	2	3	4	5	6	7	8	3	9	2	10	2	11	4	12	12
5	162432020	162768521	1	2	3	4	5	6	7	8	3	9	2	10	2	11	12	13	13
5	162768521	162838449	1	2	3	4	5	6	7	8	3	9	10	11	10	12	13	14	14
5	162838449	163312524	1	2	3	4	5	6	7	8	3	9	2	10	2	11	12	13	13
5	163312524	163386286	1	2	3	4	5	6	7	8	3	9	10	11	2	12	13	14	14
5	163386286	163452194	1	2	3	4	5	6	7	8	3	9	2	10	2	11	12	13	13
5	163452194	163559607	1	2	3	4	5	6	7	8	9	10	2	11	2	12	13	14	14
5	163559607	164455848	1	2	3	4	5	6	7	8	3	9	2	10	2	11	12	13	13
5	164455848	165233535	1	2	3	4	5	6	7	8	3	9	2	10	11	12	13	14	14
5	165233535	165254415	1	2	3	4	5	6	7	8	3	9	2	10	9	11	12	13	13
5	165254415	166472748	1	2	3	4	5	6	7	8	3	9	10	11	9	12	13	14	14
5	166472748	166573292	1	2	3	4	5	6	7	8	3	9	10	11	12	13	14	15	15
5	166573292	166608404	1	2	3	4	5	6	7	8	9	10	11	12	13	14	15	16	16
5	166608404	167898097	1	2	3	4	5	6	7	8	3	9	10	11	12	13	14	15	15
5	167898097	167947212	1	2	3	4	5	6	7	8	9	10	11	12	13	14	15	16	16
5	167947212	169219916	1	2	3	4	5	6	7	8	3	9	10	11	12	13	14	15	15
5	169219916	169221558	1	2	3	4	5	6	7	8	3	9	10	11	12	13	14	10	14
5	169221558	169531936	1	2	3	4	5	6	7	8	3	9	10	10	11	12	13	10	13
5	169531936	169870458	1	2	3	4	5	2	6	7	3	8	9	9	10	11	12	9	12
5	169870458	169871910	1	2	3	4	5	2	6	7	3	8	9	10	11	12	13	9	13
5	169871910	170099410	1	2	3	4	5	2	6	7	3	8	9	10	11	12	3	13	13
5	170099410	170213031	1	1	2	3	4	1	5	6	2	7	8	9	10	11	2	12	12
5	170213031	170217668	1	1	2	3	4	1	5	6	2	7	6	8	9	10	2	11	11
5	170217668	170515783	1	1	2	3	4	1	5	6	2	7	6	8	4	9	2	10	10
5	170515783	170761205	1	1	2	3	4	5	6	7	2	8	7	9	4	10	2	11	11
5	170761205	170761491	1	1	2	3	4	5	6	7	2	8	7	9	4	10	11	12	12
5	170761491	170765526	1	1	2	3	4	5	6	7	2	8	7	9	10	11	12	13	13
5	170765526	171530356	1	1	2	3	4	5	6	7	2	8	9	10	11	12	13	14	14
5	171530356	171767789	1	2	3	4	5	6	7	8	3	9	10	11	12	13	14	15	15
5	171767789	172120822	1	2	3	4	5	6	7	8	3	9	10	11	5	12	13	14	14
5	172120822	172180744	1	2	3	4	5	6	7	8	9	10	11	12	5	13	14	15	15
5	172180744	172181671	1	2	3	4	5	6	7	8	3	9	10	11	5	12	13	14	14
5	172181671	172639464	1	2	3	4	5	6	7	8	3	9	5	10	5	11	12	13	13
5	172639464	172805012	1	2	3	4	5	6	7	8	3	9	10	11	10	12	13	14	14
5	172805012	172840008	1	2	3	4	5	6	7	8	3	9	10	11	12	13	14	15	15
5	172840008	172842802	1	2	3	4	5	6	7	8	3	9	10	11	12	13	2	14	14
5	172842802	173406705	1	2	3	4	5	6	7	8	3	1	9	10	11	12	2	13	13
5	173406705	173613322	1	2	3	4	5	6	7	8	3	1	9	10	11	12	13	14	14
5	173613322	173905076	1	2	3	4	5	6	7	8	3	9	10	11	12	13	14	15	15
5	173905076	173935873	1	2	3	4	2	5	6	7	3	8	9	10	11	12	13	14	14
5	173935873	174649535	1	2	3	4	2	5	6	2	3	7	8	9	10	11	12	12	12
5	174649535	174695694	1	2	3	4	5	6	7	5	3	8	9	10	11	12	13	13	13
5	174695694	174725259	1	2	3	4	5	6	7	5	3	8	9	10	11	12	13	14	14
5	174725259	175250578	1	2	3	4	5	6	7	8	3	9	10	11	12	13	14	15	15
5	175250578	175506575	1	2	3	4	5	6	7	8	3	9	10	11	2	12	13	14	14
5	175506575	175765785	1	2	3	4	5	4	6	7	3	8	9	10	2	11	12	13	13
5	175765785	175991881	1	2	3	4	5	4	6	7	3	8	9	10	11	12	13	14	14
5	175991881	175996541	1	2	3	4	5	6	7	8	3	9	10	11	12	13	14	15	15
5	175996541	176725098	1	2	3	4	5	6	7	8	3	9	10	11	12	13	8	14	14
5	176725098	177041294	1	2	3	4	5	6	7	8	3	9	10	11	12	13	14	15	15
5	177041294	177880469	1	2	3	4	5	6	7	8	3	9	10	11	12	13	9	14	14
5	177880469	178262373	1	2	3	4	5	6	7	8	3	9	10	11	12	13	14	15	15
5	178262373	178263939	1	2	3	4	5	6	7	8	3	9	10	11	12	13	2	14	14
5	178263939	178394008	1	2	3	4	5	6	7	8	3	9	10	11	12	2	2	13	13
5	178394008	178971845	1	2	3	4	5	6	7	8	3	9	10	11	1	2	2	12	12
5	178971845	179016667	1	2	3	4	5	6	7	8	3	9	10	11	1	2	2	2	11
5	179016667	179020937	1	2	3	4	5	2	6	7	3	8	9	10	1	2	2	2	10
5	179020937	179273237	1	2	3	4	5	6	7	8	3	9	10	11	1	6	2	6	11
5	179273237	179396113	1	2	3	4	5	6	7	8	3	9	10	11	1	6	12	6	12
5	179396113	179459040	1	2	3	4	5	6	7	8	3	9	10	11	1	6	12	13	13
5	179459040	179646862	1	2	3	4	5	6	7	8	3	9	10	11	1	12	13	14	14
5	179646862	179715830	1	2	3	4	5	6	7	8	3	9	10	11	12	13	14	15	15
5	179715830	179976235	1	2	3	4	5	6	7	8	3	9	10	11	12	13	14	1	14
5	179976235	180057568	1	2	3	4	5	6	7	8	3	1	9	10	11	12	13	1	13
5	180057568	180058354	1	2	3	4	5	6	7	8	9	1	10	11	12	13	14	1	14
5	180058354	180280583	1	2	3	4	5	6	7	8	3	1	9	10	11	12	13	1	13
5	180280583	180622166	1	2	3	4	5	6	7	8	3	9	10	11	12	13	14	9	14
5	180622166	181879511	1	2	3	4	5	6	7	8	3	9	10	11	12	13	14	15	15
5	181879511	181896722	1	2	3	4	5	6	7	8	3	9	10	11	6	12	13	14	14
5	181896722	182703752	1	2	3	4	5	6	7	8	3	9	10	11	6	12	13	1	13
5	182703752	182804940	1	2	3	4	5	6	7	8	9	10	11	12	13	14	15	1	15
5	182804940	183475387	1	2	3	4	5	6	7	8	3	9	10	11	12	13	14	15	15
5	183475387	183592295	1	2	3	4	5	6	7	8	3	2	9	5	10	11	12	1	12
5	183592295	184231245	1	2	3	4	5	6	7	8	3	2	9	5	10	11	6	1	11
5	184231245	184232447	1	2	3	4	5	6	7	8	3	2	9	10	11	12	6	1	12
5	184232447	184290742	1	2	3	4	5	6	7	8	3	2	9	10	11	12	13	1	13
5	184290742	184381899	1	2	3	4	5	6	7	8	3	9	10	11	12	13	14	1	14
5	184381899	184663048	1	2	3	4	5	6	7	8	3	9	10	11	12	13	14	15	15
5	184663048	185023785	1	2	3	4	5	2	6	7	3	8	9	10	11	12	13	14	14
5	185023785	185088658	1	2	3	4	5	2	6	7	8	9	10	11	12	13	14	15	15
5	185088658	185449695	1	2	3	4	5	2	6	7	3	8	9	10	11	12	13	14	14
5	185449695	185748546	1	2	3	4	5	6	7	8	3	9	10	11	12	13	14	15	15
5	185748546	187399263	1	2	3	4	5	6	7	8	3	9	10	11	12	13	14	1	14
5	187399263	187820233	1	2	3	2	4	5	6	7	3	8	9	10	11	12	13	1	13
5	187820233	187976743	1	2	3	2	4	5	6	7	3	8	9	10	11	12	13	14	14
5	187976743	188175340	1	2	3	4	5	6	7	8	3	9	10	11	12	13	14	15	15
5	188175340	188177565	1	2	3	4	5	6	7	8	9	10	11	12	13	14	15	16	16
5	188177565	188800165	1	2	3	4	5	6	7	8	3	9	10	11	12	13	14	15	15
5	188800165	188801524	1	2	3	4	5	6	7	8	3	9	10	11	12	13	2	14	14
5	188801524	188885878	1	2	3	4	5	6	2	7	3	8	1	9	10	11	2	12	12
5	188885878	188934428	1	2	3	4	5	6	2	7	3	8	1	9	10	2	2	11	11
5	188934428	189005674	1	2	3	4	2	5	2	6	3	7	1	8	9	2	2	10	10
5	189005674	189233756	1	2	3	4	2	5	2	6	3	7	1	8	9	2	2	7	9
5	189233756	189235053	1	2	3	4	2	5	6	7	3	8	9	10	11	2	6	8	11
5	189235053	189316032	1	2	3	4	2	5	6	7	8	9	10	11	12	2	6	9	12
5	189316032	189317872	1	2	3	4	2	5	6	7	3	6	8	9	10	2	6	6	10
5	189317872	189324530	1	2	3	4	2	5	6	7	3	6	8	4	9	2	6	6	9
5	189324530	189579811	1	2	3	4	2	4	5	6	3	5	7	4	8	2	5	5	8
5	189579811	189601974	1	2	3	4	2	4	5	6	3	7	8	4	9	2	7	7	9
5	189601974	190052173	1	2	3	4	2	4	5	6	3	7	1	4	8	2	7	7	8
5	190052173	190057156	1	1	2	3	1	3	4	5	2	6	1	3	7	1	6	6	7
5	190057156	190057921	1	1	2	3	1	4	5	6	2	7	1	3	8	1	7	7	8
5	190057921	190061611	1	1	2	3	4	5	6	7	2	8	1	3	9	4	8	8	9
5	190061611	190207618	1	1	2	3	4	5	6	7	2	8	1	9	10	4	8	8	10
5	190207618	190288216	1	2	3	4	5	6	7	8	3	9	2	10	11	5	9	9	11
5	190288216	190533351	1	2	3	4	5	6	7	8	3	9	2	10	11	12	9	9	12
5	190533351	190590717	1	2	3	4	5	6	7	8	3	9	2	10	11	12	13	13	13
5	190590717	190770837	1	2	3	4	5	6	7	8	3	9	2	1	10	11	12	12	12
5	190770837	190812256	1	2	3	4	5	6	7	8	3	9	2	1	10	11	12	13	13
5	190812256	190965238	1	2	3	4	5	6	2	7	3	8	2	1	9	10	11	12	12
5	190965238	190991288	1	2	3	4	5	6	2	7	3	8	2	9	10	11	12	13	13
5	190991288	191467165	1	2	3	4	5	6	2	7	3	8	2	9	10	11	12	6	12
5	191467165	191467710	1	2	3	4	5	6	2	7	3	8	2	9	10	11	12	13	13
5	191467710	191730797	1	2	3	4	5	6	7	8	3	9	7	10	11	12	13	14	14
5	191730797	192173195	1	2	3	4	5	6	7	8	3	9	10	11	12	13	14	15	15
5	192173195	192371367	1	2	3	2	4	5	6	7	3	8	9	10	11	12	13	14	14
5	192371367	192701112	1	2	3	2	4	5	6	7	3	8	9	10	11	6	12	13	13
5	192701112	193491359	1	2	3	2	4	5	6	7	3	8	9	10	11	12	13	14	14
5	193491359	193515815	1	2	3	4	5	6	7	8	3	9	10	11	12	13	14	15	15
5	193515815	193552617	1	2	3	4	5	6	7	8	3	9	10	11	2	12	13	14	14
5	193552617	193562702	1	2	3	4	5	6	7	8	9	10	11	12	2	13	14	15	15
5	193562702	193707794	1	2	3	4	5	6	7	8	3	9	10	11	2	12	13	14	14
5	193707794	193858326	1	2	3	4	5	6	7	8	3	9	2	10	2	11	12	13	13
5	193858326	194303780	1	2	3	4	5	6	7	8	3	9	10	11	10	12	13	14	14
5	194303780	194727077	1	2	3	4	5	6	7	8	3	9	10	11	12	13	14	15	15
5	194727077	195022860	1	2	3	4	5	6	7	8	9	10	11	12	13	14	15	16	16
5	195022860	195385645	1	2	3	4	5	6	3	7	8	9	10	11	12	13	14	15	15
5	195385645	195636348	1	2	3	4	5	6	3	7	8	9	10	11	1	12	13	14	14
5	195636348	196443891	1	2	3	4	5	6	7	8	9	10	11	12	1	13	14	15	15
5	196443891	196751291	1	2	3	4	5	6	3	7	8	9	10	11	1	12	13	14	14
5	196751291	197167341	1	2	3	4	5	6	3	7	8	9	10	11	1	12	8	13	13
5	197167341	197255784	1	2	3	4	5	6	7	8	9	10	11	12	13	14	9	15	15
5	197255784	197647606	1	2	3	4	5	6	7	8	9	10	11	12	13	14	15	16	16
5	197647606	197945300	1	2	3	4	5	6	7	8	9	10	11	12	13	7	14	15	15
5	197945300	198865668	1	2	3	1	4	5	6	7	8	9	10	11	12	6	13	14	14
5	198865668	198934420	1	2	3	4	5	6	7	8	9	10	11	12	13	7	14	15	15
5	198934420	199883166	1	2	3	4	5	6	7	8	9	10	11	12	13	14	15	16	16
5	199883166	200179720	1	2	3	4	5	6	7	8	9	10	11	12	13	14	10	15	15
5	200179720	200187171	1	2	3	4	5	6	3	7	8	9	10	11	12	13	9	14	14
5	200187171	200610468	1	2	3	4	5	6	3	7	8	9	1	10	11	12	9	13	13
5	200610468	200869114	1	1	2	3	4	5	2	6	7	8	1	9	10	11	8	12	12
5	200869114	200869693	1	1	2	3	4	5	2	6	7	8	1	9	10	11	12	13	13
5	200869693	200882856	1	1	2	3	4	5	2	6	7	8	1	9	10	11	12	11	12
5	200882856	201097288	1	1	2	3	4	5	6	7	8	9	1	10	11	12	13	12	13
5	201097288	201222744	1	1	2	3	4	5	6	7	8	9	1	10	11	7	12	7	12
5	201222744	201226448	1	1	2	3	4	5	6	7	8	9	1	10	9	7	11	7	11
5	201226448	201443042	1	1	2	3	4	5	6	7	8	9	1	10	9	7	6	7	10
5	201443042	201603780	1	1	2	3	4	5	6	7	8	9	1	10	9	11	6	7	11
5	201603780	201703456	1	2	3	4	5	6	7	8	9	10	1	11	10	12	7	8	12
5	201703456	201741968	1	2	3	4	5	6	7	8	9	10	1	11	10	12	13	8	13
5	201741968	201927994	1	2	3	4	5	6	7	8	9	10	11	12	10	13	14	8	14
5	201927994	201948669	1	2	3	4	5	6	7	8	9	10	11	12	13	14	15	8	15
5	201948669	201950744	1	2	3	4	5	6	7	8	9	10	11	12	13	14	15	16	16
5	201950744	203060111	1	2	3	4	5	6	7	8	9	1	10	11	12	13	14	15	15
5	203060111	203251021	1	2	3	4	5	6	7	8	9	10	11	12	13	14	15	16	16
5	203251021	203378395	1	2	3	4	5	6	7	8	9	10	2	11	12	13	14	15	15
5	203378395	204010710	1	2	3	4	5	6	7	8	9	10	2	11	12	5	13	14	14
5	204010710	204017515	1	2	3	4	5	6	7	8	9	10	11	12	13	5	14	15	15
5	204017515	205465447	1	2	3	4	5	6	7	8	9	10	11	12	13	14	15	16	16
5	205465447	206006938	1	1	2	3	4	5	6	7	8	9	10	11	12	13	14	15	15
5	206006938	206059027	1	2	3	4	5	6	7	8	9	10	11	12	13	14	15	16	16
5	206059027	206112963	1	1	2	3	4	5	6	7	8	9	10	11	12	13	14	15	15
5	206112963	206194112	1	1	2	3	4	5	6	7	8	7	9	10	11	12	13	14	14
5	206194112	206378659	1	1	2	3	4	5	6	7	8	7	9	10	1	11	12	13	13
5	206378659	206593670	1	1	2	3	4	5	6	7	8	9	10	11	1	12	13	14	14
5	206593670	207095527	1	2	3	4	5	6	7	8	9	10	11	12	1	13	14	15	15
5	207095527	207654953	1	2	3	4	5	6	7	8	9	10	11	12	1	13	7	14	14
5	207654953	207748388	1	2	3	4	5	6	7	8	9	10	11	12	13	14	7	15	15
5	207748388	207846158	1	2	3	4	5	6	7	8	9	10	11	12	13	14	15	16	16
5	207846158	207851045	1	2	3	4	5	6	7	8	9	10	11	12	12	13	14	15	15
5	207851045	207858722	1	2	3	4	5	5	6	7	8	9	10	11	11	12	13	14	14
5	207858722	208261197	1	2	3	4	5	5	6	7	8	9	10	11	11	12	13	8	13
5	208261197	208271400	1	2	3	4	5	6	7	8	9	10	11	12	12	13	14	15	15
5	208271400	208271518	1	2	3	4	5	6	7	8	9	10	11	2	2	12	13	14	14
5	208271518	208462996	1	2	3	4	5	6	7	8	9	10	11	12	2	13	14	15	15
5	208462996	209057356	1	2	3	4	5	6	7	8	9	5	10	11	2	12	13	14	14
5	209057356	209058598	1	2	3	4	5	6	7	8	9	5	10	11	2	12	7	13	13
5	209058598	209062301	1	2	3	4	5	6	7	8	9	5	10	11	12	13	7	14	14
5	209062301	209062533	1	2	3	4	5	6	7	8	9	5	10	2	11	12	7	13	13
5	209062533	209070384	1	2	3	4	5	6	7	8	9	10	11	2	12	13	7	14	14
5	209070384	209159316	1	2	3	4	3	5	6	7	8	9	10	2	11	12	6	13	13
5	209159316	209161259	1	2	3	4	3	5	6	7	8	7	9	2	10	11	6	12	12
5	209161259	209161830	1	2	3	4	3	5	6	7	8	7	2	2	9	10	6	11	11
5	209161830	209525798	1	2	3	4	3	5	6	3	7	3	2	2	8	9	6	10	10
5	209525798	209528044	1	2	3	4	5	6	7	3	8	5	2	2	9	10	7	11	11
5	209528044	209529396	1	2	3	4	5	6	7	8	9	5	2	2	10	11	7	12	12
5	209529396	209539774	1	2	3	4	5	6	7	8	9	10	2	2	11	12	7	13	13
5	209539774	209613098	1	2	3	4	2	5	6	7	8	9	2	2	10	11	6	12	12
5	209613098	209617437	1	2	3	4	2	5	6	7	8	9	10	10	11	12	6	13	13
5	209617437	209641124	1	2	3	4	2	5	6	7	8	9	10	11	12	13	6	14	14
5	209641124	209783766	1	2	3	4	2	5	6	7	8	9	7	10	11	12	6	13	13
5	209783766	209840868	1	2	3	4	2	5	6	7	4	8	7	9	10	11	6	12	12
5	209840868	209984610	1	2	3	4	5	6	7	8	4	9	10	11	12	13	7	14	14
5	209984610	210036734	1	2	3	4	5	6	7	8	9	10	11	12	13	14	7	15	15
5	210036734	210049862	1	2	3	4	5	6	7	8	9	4	10	11	12	13	7	14	14
5	210049862	210174498	1	2	3	4	5	6	7	8	9	4	10	11	12	13	7	8	13
5	210174498	210387380	1	2	3	4	4	5	6	7	8	4	9	10	11	12	6	7	12
5	210387380	210671934	1	2	3	4	5	6	7	8	9	5	10	11	12	13	7	8	13
5	210671934	210948347	1	2	3	4	5	6	7	8	9	5	10	11	12	13	7	14	14
5	210948347	211183894	1	2	3	4	5	6	7	8	9	10	11	12	13	14	7	15	15
5	211183894	211352713	1	2	3	4	4	5	6	7	8	9	10	11	12	13	6	14	14
5	211352713	211463762	1	2	3	4	5	6	7	8	9	10	11	12	13	14	7	15	15
5	211463762	211658788	1	2	3	4	5	6	7	8	9	10	1	11	12	13	7	14	14
5	211658788	211818050	1	2	3	4	5	6	7	8	9	10	11	12	13	14	7	15	15
5	211818050	211896983	1	2	3	4	5	6	7	8	7	9	10	11	12	13	7	14	14
5	211896983	212200337	1	2	3	4	5	6	7	8	7	9	4	10	11	12	7	13	13
5	212200337	212203887	1	2	3	4	5	6	7	8	7	9	10	11	12	13	7	14	14
5	212203887	212242469	1	2	3	4	5	6	7	8	7	9	10	11	8	12	7	13	13
5	212242469	212373690	1	2	3	4	5	6	7	8	9	10	11	12	8	13	7	14	14
5	212373690	212390765	1	2	3	4	5	6	7	8	9	10	11	12	8	13	7	5	13
5	212390765	212394535	1	2	3	4	5	6	7	4	8	9	10	11	4	12	7	5	12
5	212394535	212489237	1	2	3	4	5	4	6	4	7	8	9	10	4	11	6	5	11
5	212489237	212569189	1	2	3	4	5	4	6	7	8	9	10	11	4	12	6	5	12
5	212569189	212577575	1	2	3	4	5	4	6	7	8	9	10	11	12	13	6	5	13
5	212577575	212578106	1	2	3	4	5	4	6	7	8	9	10	11	12	13	6	14	14
5	212578106	212581276	1	2	3	4	5	6	7	8	9	10	11	12	13	14	7	15	15
5	212581276	212584594	1	2	3	4	5	6	7	8	9	10	11	12	13	2	7	14	14
5	212584594	212790804	1	2	3	4	5	6	7	8	9	10	1	11	12	2	7	8	12
5	212790804	212793657	1	2	3	4	5	6	7	8	9	10	1	11	12	13	7	8	13
5	212793657	212824228	1	2	3	4	5	6	7	8	9	10	1	11	12	13	7	14	14
5	212824228	212827158	1	2	3	4	5	6	7	8	9	10	1	11	12	13	7	8	13
5	212827158	213153238	1	2	3	4	5	6	7	8	9	2	1	10	11	12	7	8	12
5	213153238	213455174	1	2	3	4	5	6	7	8	9	2	10	11	12	13	7	8	13
5	213455174	213497555	1	2	3	4	5	6	7	8	9	2	10	11	8	12	7	8	12
5	213497555	213693131	1	2	3	4	5	6	7	8	9	2	10	11	8	2	7	8	11
5	213693131	213760044	1	2	3	4	5	6	7	8	9	10	11	12	8	2	7	8	12
5	213760044	213810722	1	2	3	4	5	6	7	8	9	10	11	12	13	2	7	8	13
5	213810722	213852907	1	2	3	4	5	6	7	8	9	10	11	12	13	14	7	8	14
5	213852907	214130731	1	2	3	4	5	6	7	8	9	10	11	12	13	14	7	15	15
5	214130731	214755912	1	2	3	4	5	6	7	8	9	10	11	12	13	14	15	16	16
5	214755912	214804159	1	2	3	2	4	5	6	7	8	9	10	11	12	13	14	15	15
5	214804159	214804897	1	2	3	2	4	5	6	7	8	9	5	10	11	12	13	14	14
5	214804897	215533625	1	2	3	2	4	5	6	7	8	9	5	10	11	12	13	5	13
5	215533625	215542571	1	2	3	2	4	5	6	7	8	9	10	11	12	13	14	10	14
5	215542571	215754918	1	2	3	4	5	6	7	8	9	10	11	12	13	14	15	11	15
5	215754918	215860494	1	2	3	4	5	6	7	8	9	1	10	11	12	6	13	10	13
5	215860494	215861122	1	2	3	4	5	5	6	7	8	1	9	10	11	5	12	9	12
5	215861122	216017807	1	2	3	4	5	5	6	7	8	1	9	10	11	5	12	13	13
5	216017807	216126454	1	2	3	4	5	5	6	7	8	1	9	10	11	12	13	14	14
5	216126454	216307840	1	2	3	4	5	6	7	8	9	1	10	11	12	13	14	15	15
5	216307840	216431395	1	2	3	4	5	6	7	8	9	10	11	12	13	14	15	16	16
5	216431395	216598074	1	2	3	4	5	6	7	8	9	10	11	12	13	14	15	4	15
5	216598074	216633973	1	2	3	4	5	6	7	8	9	10	11	12	13	14	15	16	16
5	216633973	216945692	1	2	3	4	5	6	7	7	8	9	10	11	12	13	14	15	15
5	216945692	217039947	1	2	3	4	5	6	7	8	9	10	11	12	13	14	15	16	16
5	217039947	217144503	1	2	3	4	5	6	7	8	9	10	11	12	7	13	14	15	15
5	217144503	217163880	1	2	3	4	5	2	6	7	8	9	10	11	6	12	13	14	14
5	217163880	217183706	1	2	3	4	5	2	6	7	8	9	10	11	12	13	14	15	15
5	217183706	217336083	1	2	3	4	5	2	6	7	8	9	10	11	9	12	13	14	14
5	217336083	217359590	1	2	3	4	5	6	7	8	9	10	11	12	10	13	14	15	15
5	217359590	217367371	1	2	3	4	5	6	7	8	9	10	11	12	13	14	15	16	16
5	217367371	217369510	1	2	3	4	5	6	7	8	9	10	11	12	1	13	14	15	15
5	217369510	217440399	1	2	3	4	5	1	6	7	8	9	10	11	1	12	13	14	14
5	217440399	217528879	1	2	3	4	5	1	6	3	7	8	9	10	1	11	12	13	13
5	217528879	217574890	1	2	3	4	5	1	6	7	8	9	10	11	1	12	13	14	14
5	217574890	217589494	1	2	3	4	5	1	6	7	8	9	10	11	12	13	14	15	15
5	217589494	217648516	1	1	2	3	4	1	5	6	7	8	9	10	1	11	12	13	13
5	217648516	217712616	1	2	3	4	5	2	6	7	8	9	10	11	1	12	13	14	14
5	217712616	217753405	1	2	3	4	5	2	3	6	7	8	9	10	1	11	12	13	13
5	217753405	217816241	1	2	3	4	5	2	3	6	3	7	8	9	1	10	11	12	12
5	217816241	217827676	1	2	3	4	5	2	3	6	3	7	8	9	1	10	11	1	11
5	217827676	217831268	1	2	3	4	5	2	3	6	3	7	8	9	10	11	12	1	12
5	217831268	217873453	1	2	3	4	5	6	3	7	3	8	9	10	11	12	13	1	13
5	217873453	218047521	1	2	3	4	5	6	7	8	7	9	10	11	12	13	14	1	14
5	218047521	218049668	1	2	3	2	4	5	6	7	6	8	9	10	11	12	13	1	13
5	218049668	218067620	1	2	3	2	4	5	3	6	3	7	8	9	10	11	12	1	12
5	218067620	218215721	1	2	3	2	4	5	3	6	7	8	9	10	11	12	13	1	13
5	218215721	218217300	1	2	3	2	4	5	3	6	7	8	3	9	10	11	12	1	12
5	218217300	218223474	1	2	3	2	4	5	3	6	7	8	3	9	10	11	12	13	13
5	218223474	218234186	1	2	2	2	3	4	2	5	6	7	2	8	9	10	11	12	12
5	218234186	218429451	1	2	2	3	4	5	2	6	7	8	2	9	10	11	12	13	13
5	218429451	218433734	1	2	3	4	5	6	3	7	8	9	3	10	11	12	13	14	14
5	218433734	218872494	1	2	3	4	5	6	3	7	8	9	10	11	12	13	14	15	15
5	218872494	218891011	1	2	3	4	5	6	7	8	9	10	11	12	13	14	15	16	16
5	218891011	218913291	1	2	3	4	5	6	7	4	8	9	10	11	12	13	14	15	15
5	218913291	218939037	1	2	3	4	5	2	6	4	7	8	9	10	11	12	13	14	14
5	218939037	218960044	1	2	3	4	5	2	5	4	6	7	8	9	10	11	12	13	13
5	218960044	219010597	1	2	3	4	5	2	5	4	6	2	7	8	9	10	11	12	12
5	219010597	219013484	1	2	3	4	5	2	5	4	6	2	7	8	1	9	10	11	11
5	219013484	219050812	1	2	3	4	5	2	5	4	6	2	2	7	1	8	9	10	10
5	219050812	219055435	1	2	3	4	5	2	5	4	6	2	2	7	1	8	1	9	9
5	219055435	219136689	1	2	3	4	3	2	3	4	5	2	2	6	1	7	1	8	8
5	219136689	219145181	1	2	3	4	3	2	3	4	5	6	2	7	1	8	1	9	9
5	219145181	219212768	1	2	3	4	5	2	3	6	7	2	2	8	1	9	1	10	10
5	219212768	219213919	1	2	3	4	5	2	3	6	7	2	2	8	1	9	10	11	11
5	219213919	219215050	1	2	3	4	5	2	3	6	7	2	2	8	9	10	11	12	12
5	219215050	219217445	1	2	3	4	5	2	3	6	7	2	8	9	10	11	12	13	13
5	219217445	219223182	1	2	3	4	5	2	6	7	8	2	9	10	11	12	13	14	14
5	219223182	219395905	1	2	3	4	5	6	7	8	9	2	10	11	12	13	14	15	15
5	219395905	219577409	1	2	3	4	5	6	7	8	9	2	10	11	12	13	14	5	14
5	219577409	219599028	1	2	3	4	5	6	7	8	8	2	9	10	11	12	13	5	13
5	219599028	219690708	1	2	3	4	5	6	7	7	7	2	8	9	10	11	12	5	12
5	219690708	219784234	1	2	3	4	5	6	7	7	7	2	8	9	5	10	11	5	11
5	219784234	219787287	1	2	3	4	5	6	7	8	7	2	9	10	5	11	12	5	12
5	219787287	219922563	1	2	3	4	5	6	7	8	7	2	9	10	5	11	12	13	13
5	219922563	219928071	1	2	3	4	5	6	7	8	7	2	9	10	11	12	13	14	14
5	219928071	219971047	1	2	3	4	5	6	7	8	7	9	10	11	12	13	14	15	15
5	219971047	220000180	1	2	3	4	5	6	7	8	9	10	11	12	13	14	15	16	16
5	220000180	220204462	1	2	3	4	5	6	7	8	9	10	4	11	12	13	14	15	15
5	220204462	220298737	1	2	3	4	5	6	7	8	9	10	11	12	13	14	15	16	16
5	220298737	220301513	1	2	3	4	5	6	7	8	3	9	10	11	12	13	14	15	15
5	220301513	220481912	1	2	3	4	5	3	6	7	3	8	9	10	11	12	13	14	14
5	220481912	220523389	1	2	3	4	5	3	6	7	3	8	8	9	10	11	12	13	13
5	220523389	220581979	1	2	3	4	5	6	7	8	3	9	9	10	11	12	13	14	14
5	220581979	220585698	1	2	3	4	5	6	7	8	3	9	9	10	11	12	8	13	13
5	220585698	220587287	1	2	3	4	5	6	7	8	9	10	10	11	12	13	8	14	14
5	220587287	220591778	1	2	3	4	5	2	6	7	8	9	9	10	11	12	7	13	13
5	220591778	220635743	1	2	3	4	5	2	6	7	8	2	2	9	10	11	7	12	12
5	220635743	220725342	1	2	3	4	5	2	6	7	8	2	2	9	10	11	7	10	11
5	220725342	220734070	1	2	3	4	5	2	6	7	8	2	2	9	10	11	12	10	12
5	220734070	220826149	1	2	3	4	5	2	6	7	8	2	9	10	11	12	13	11	13
5	220826149	220829664	1	2	3	4	5	6	7	8	9	2	10	11	12	13	14	12	14
5	220829664	221176802	1	2	3	4	5	6	7	8	9	10	11	12	13	14	15	16	16
5	221176802	221214641	1	2	3	4	5	6	7	8	9	10	11	12	13	5	14	15	15
5	221214641	221329244	1	2	3	4	5	6	7	8	9	10	11	12	1	5	13	14	14
5	221329244	221414716	1	2	3	4	5	2	6	7	8	9	10	11	1	5	12	13	13
5	221414716	221417472	1	2	3	4	5	6	7	8	9	10	11	12	1	5	13	14	14
5	221417472	221417967	1	2	3	4	5	6	7	5	8	9	10	11	1	5	12	13	13
5	221417967	221423211	1	2	3	4	5	6	7	5	8	9	10	11	1	12	13	14	14
5	221423211	221423308	1	2	3	4	5	6	7	5	8	3	9	10	1	11	12	13	13
5	221423308	221495518	1	2	3	4	5	6	7	5	8	3	9	10	1	2	11	12	12
5	221495518	221517546	1	2	3	4	5	2	6	5	7	3	8	9	1	2	10	11	11
5	221517546	221579901	1	2	3	4	5	2	6	5	7	3	8	9	1	2	10	10	10
5	221579901	221648433	1	2	3	4	5	2	6	5	7	3	8	9	10	2	11	11	11
5	221648433	221673333	1	2	3	4	5	2	6	5	7	8	9	10	11	2	12	12	12
5	221673333	221688328	1	2	3	4	5	2	6	5	7	8	9	10	11	12	13	14	14
5	221688328	221721629	1	2	3	4	5	6	7	5	8	9	10	11	12	13	14	15	15
5	221721629	221722118	1	2	3	4	5	6	7	5	8	9	1	10	11	12	13	14	14
5	221722118	221725426	1	2	3	4	5	6	7	8	9	10	1	11	12	13	14	15	15
5	221725426	221814015	1	2	3	4	5	6	7	8	9	10	1	11	4	12	13	14	14
5	221814015	221964215	1	2	3	4	5	6	7	8	9	10	1	11	4	12	13	1	13
5	221964215	221970986	1	2	3	4	5	6	7	8	9	10	1	11	12	13	14	1	14
5	221970986	222086826	1	2	3	4	5	6	7	8	9	10	11	12	13	14	15	11	15
5	222086826	222629431	1	2	3	4	5	6	7	8	9	10	11	12	13	14	15	16	16
5	222629431	223178507	1	2	3	4	5	6	7	8	9	10	11	12	13	14	15	2	15
5	223178507	223395479	1	2	3	4	5	2	6	7	8	9	10	11	12	13	14	2	14
5	223395479	223714093	1	2	3	4	1	2	5	6	7	8	9	10	11	12	13	2	13
