chrom	start	end	B73_inra	A632_usa	CO255_inra	FV252_inra	OH43_inra	A654_inra	FV2_inra	C103_inra	EP1_inra	D105_inra	W117_inra	B96	DK63	F492	ND245	VA85	n_haps
6	34998	29350347	1	2	3	4	5	6	7	8	9	10	11	12	13	14	15	16	16
6	29350347	31931164	1	1	2	3	4	5	6	7	8	9	10	11	12	13	14	15	15
6	31931164	33143808	1	1	2	3	4	5	6	7	8	7	9	10	11	12	13	14	14
6	33143808	33983145	1	1	2	3	4	5	6	7	8	7	9	10	11	12	13	1	13
6	33983145	36127929	1	1	2	3	4	5	6	7	8	9	10	11	12	13	14	1	14
6	36127929	36427533	1	1	2	3	4	5	6	7	8	9	4	10	11	12	13	1	13
6	36427533	39664553	1	1	2	3	4	5	6	7	8	9	4	10	11	12	13	14	14
6	39664553	39875838	1	1	2	3	4	5	6	7	8	9	10	11	12	13	14	15	15
6	39875838	40360111	1	1	2	3	4	5	6	7	8	9	10	11	2	12	13	14	14
6	40360111	40508320	1	2	3	4	5	6	7	8	9	10	11	12	3	13	14	15	15
6	40508320	53939101	1	1	2	3	4	5	6	7	8	9	10	11	2	12	13	14	14
6	53939101	61203772	1	1	2	3	4	5	6	7	8	9	10	11	12	13	14	15	15
6	61203772	61211845	1	1	2	3	4	5	6	7	8	9	10	11	12	13	14	9	14
6	61211845	65165654	1	1	2	3	4	5	6	7	8	9	10	11	12	3	13	9	13
6	65165654	65313977	1	1	2	3	4	5	6	7	8	9	10	11	12	3	13	14	14
6	65313977	69316736	1	1	2	3	4	5	6	7	8	9	10	11	12	13	14	15	15
6	69316736	69320798	1	2	3	4	5	6	7	8	9	10	11	12	13	14	15	16	16
6	69320798	73250032	1	1	2	3	4	5	6	7	8	9	10	11	12	13	14	15	15
6	73250032	77414719	1	1	2	3	4	5	6	7	8	9	10	11	12	13	12	14	14
6	77414719	81600381	1	1	2	3	4	5	6	7	8	9	10	11	12	13	14	15	15
6	81600381	82559133	1	1	2	3	2	4	5	6	7	8	9	10	11	12	13	14	14
6	82559133	83692028	1	1	2	3	2	4	5	6	7	8	9	10	11	12	13	2	13
6	83692028	85027940	1	1	2	2	2	3	4	5	6	7	8	9	10	11	12	2	12
6	85027940	85809747	1	1	2	2	2	3	4	5	6	7	8	9	10	11	12	13	13
6	85809747	85811278	1	1	1	1	1	2	3	4	5	6	7	8	9	10	11	12	12
6	85811278	85858718	1	1	1	2	2	3	4	5	6	7	8	9	10	11	12	13	13
6	85858718	85905681	1	1	1	2	3	4	5	6	7	8	9	10	11	12	13	14	14
6	85905681	86989439	1	1	1	2	3	4	5	6	7	8	9	10	11	12	9	13	13
6	86989439	87381968	1	2	1	3	4	5	6	7	8	9	10	11	12	13	10	14	14
6	87381968	87638255	1	2	3	4	5	6	7	8	9	10	11	12	13	14	11	15	15
6	87638255	88155070	1	2	3	4	5	6	7	8	9	10	11	12	13	14	15	16	16
6	88155070	89311961	1	2	3	4	2	5	6	7	8	9	10	11	12	13	14	15	15
6	89311961	89368752	1	2	3	4	2	5	6	7	8	7	9	10	11	12	13	14	14
6	89368752	89401980	1	2	3	4	2	5	6	7	8	7	9	10	11	12	13	13	13
6	89401980	89536280	1	2	3	4	2	5	1	6	7	6	8	9	10	11	12	12	12
6	89536280	89571027	1	2	3	4	2	5	1	6	7	6	8	9	5	10	11	11	11
6	89571027	89895176	1	2	3	4	2	5	1	6	7	6	8	5	5	9	10	10	10
6	89895176	90171338	1	2	3	1	2	4	1	5	6	5	7	4	4	8	9	9	9
6	90171338	90173191	1	2	3	1	2	4	1	5	6	5	7	8	4	9	10	10	10
6	90173191	90312255	1	2	3	1	2	4	1	5	6	7	8	9	4	10	11	11	11
6	90312255	90317797	1	2	3	1	2	4	1	5	6	7	8	9	10	11	12	12	12
6	90317797	90386533	1	2	3	1	2	4	5	6	7	8	9	10	11	12	13	13	13
6	90386533	90387737	1	2	3	4	2	5	6	7	8	9	10	3	11	12	13	13	13
6	90387737	90507265	1	2	3	4	2	5	6	7	8	9	10	3	11	12	11	11	12
6	90507265	90599698	1	2	3	4	2	5	6	7	8	9	10	3	11	12	13	11	13
6	90599698	90601595	1	2	3	4	2	5	6	7	6	8	9	3	10	11	12	10	12
6	90601595	90804968	1	2	3	4	5	6	7	8	7	9	10	3	11	12	13	11	13
6	90804968	90899715	1	2	3	4	5	6	7	8	7	9	10	3	11	12	13	14	14
6	90899715	91178482	1	2	3	4	5	6	7	8	7	9	10	11	12	13	14	15	15
6	91178482	91656993	1	2	3	4	5	6	7	8	9	10	11	12	13	14	15	16	16
6	91656993	92080270	1	2	3	4	5	6	7	8	9	10	11	7	12	13	14	2	14
6	92080270	92085891	1	2	3	4	5	6	7	8	9	10	11	7	4	12	13	2	13
6	92085891	92514317	1	2	3	4	5	6	7	8	9	3	10	7	4	11	12	2	12
6	92514317	92666459	1	2	3	4	4	5	6	7	8	3	9	6	4	10	11	2	11
6	92666459	92894021	1	2	3	4	4	5	6	4	7	3	8	6	4	9	10	2	10
6	92894021	93082515	1	2	3	4	4	5	6	4	7	3	8	6	9	10	11	2	11
6	93082515	93090767	1	2	3	4	4	5	6	4	7	3	8	6	3	9	10	2	10
6	93090767	93803696	1	2	3	4	4	5	6	4	7	3	5	6	3	8	9	2	9
6	93803696	93872487	1	2	3	4	4	5	6	4	7	8	5	6	3	9	10	2	10
6	93872487	93880771	1	2	3	4	5	6	7	4	8	9	6	7	3	10	11	2	11
6	93880771	93883192	1	2	3	4	5	6	7	8	9	10	6	11	3	12	13	2	13
6	93883192	93918852	1	2	3	4	5	6	7	1	8	9	6	7	3	10	11	2	11
6	93918852	94232624	1	2	3	4	5	6	7	1	8	9	10	7	3	11	12	2	12
6	94232624	94403483	1	2	3	4	5	6	7	1	8	9	10	7	11	12	13	2	13
6	94403483	94671618	1	2	3	4	5	6	7	1	8	9	10	7	5	11	12	2	12
6	94671618	95024669	1	2	3	4	5	6	7	8	9	10	11	7	5	12	13	2	13
6	95024669	95031858	1	2	3	4	5	6	7	8	9	10	11	7	12	13	14	2	14
6	95031858	95056892	1	2	3	4	5	6	7	8	9	10	11	12	13	14	15	2	15
6	95056892	95238230	1	2	3	4	5	6	7	8	9	10	4	11	12	13	14	2	14
6	95238230	95866544	1	2	3	4	5	6	7	8	9	2	4	10	11	12	13	2	13
6	95866544	95867575	1	2	3	4	5	6	7	8	9	10	4	11	12	13	14	2	14
6	95867575	95882984	1	2	3	4	5	2	6	7	8	9	4	10	11	12	13	2	13
6	95882984	96206004	1	2	3	4	5	2	6	7	8	9	10	11	12	13	14	2	14
6	96206004	96450038	1	2	3	4	5	2	6	7	8	6	9	10	11	12	13	2	13
6	96450038	96585231	1	2	3	4	5	2	3	6	7	3	8	9	10	11	12	2	12
6	96585231	97048069	1	2	3	4	5	2	3	6	7	3	1	8	9	10	11	2	11
6	97048069	97368886	1	2	3	4	5	2	3	6	7	8	1	9	10	11	12	2	12
6	97368886	97377627	1	2	3	4	5	2	6	7	8	9	1	10	11	12	13	2	13
6	97377627	97378944	1	2	3	4	5	2	6	7	8	9	10	11	12	13	14	2	14
6	97378944	97504036	1	2	3	4	5	2	3	6	7	8	9	10	11	12	13	2	13
6	97504036	97952234	1	2	3	4	5	6	3	7	8	9	10	11	12	13	14	2	14
6	97952234	98068269	1	2	3	4	5	6	3	7	8	9	10	11	12	13	14	15	15
6	98068269	98068859	1	2	3	4	5	6	3	7	8	9	10	11	12	13	2	14	14
6	98068859	98449472	1	2	3	4	5	6	7	8	9	10	11	12	13	14	2	15	15
6	98449472	98450096	1	2	3	4	5	6	7	8	9	10	11	12	13	14	2	6	14
6	98450096	98500320	1	2	3	4	5	6	7	8	9	10	11	9	12	13	14	6	14
6	98500320	99100417	1	2	3	4	5	6	7	8	9	10	1	9	11	12	13	6	13
6	99100417	99179899	1	2	3	4	5	6	7	8	9	10	1	9	11	12	13	14	14
6	99179899	99194799	1	2	3	4	5	6	7	8	9	10	1	11	12	13	14	15	15
6	99194799	100891205	1	2	3	4	5	6	7	8	9	10	11	12	13	14	15	16	16
6	100891205	100950347	1	2	3	4	5	5	6	7	8	9	10	11	12	13	14	15	15
6	100950347	101159596	1	2	3	4	5	5	6	7	8	9	10	11	12	13	5	14	14
6	101159596	101503858	1	2	3	4	5	5	6	5	7	8	9	10	11	12	5	13	13
6	101503858	101748537	1	2	3	4	1	1	5	1	6	7	8	9	10	11	1	12	12
6	101748537	102938311	1	2	3	4	1	1	5	1	6	7	8	9	10	1	1	4	10
6	102938311	102948929	1	2	3	4	1	1	5	6	7	8	9	10	11	6	1	4	11
6	102948929	103275876	1	2	3	4	5	5	6	7	8	9	10	11	12	7	5	4	12
6	103275876	103343160	1	2	3	4	5	5	6	7	8	9	10	11	12	13	5	4	13
6	103343160	103351655	1	2	3	4	5	5	6	7	8	9	10	11	12	13	5	14	14
6	103351655	103388258	1	2	3	4	5	5	6	7	8	9	6	10	11	12	5	13	13
6	103388258	104813547	1	2	3	4	5	5	6	7	8	9	6	10	11	12	5	1	12
6	104813547	104843227	1	2	1	3	4	4	5	6	7	8	5	9	10	11	4	1	11
6	104843227	105009174	1	2	1	3	4	4	5	6	7	8	9	10	11	12	4	1	12
6	105009174	105049229	1	2	1	3	4	5	6	7	8	9	10	11	12	13	4	1	13
6	105049229	105708882	1	2	1	3	4	4	5	6	7	8	9	10	11	12	4	1	12
6	105708882	105714649	1	2	3	4	5	5	6	7	8	9	10	11	12	13	5	3	13
6	105714649	105846937	1	2	3	4	5	5	6	7	8	9	3	10	11	12	5	3	12
6	105846937	105877815	1	2	3	4	5	5	6	7	8	9	10	11	12	13	5	10	13
6	105877815	105938517	1	2	3	4	5	5	6	7	8	9	10	11	12	13	1	10	13
6	105938517	105942602	1	2	3	4	5	6	7	8	9	10	11	12	13	14	1	11	14
6	105942602	106390705	1	2	3	4	1	5	6	7	8	9	10	11	12	13	1	10	13
6	106390705	107189020	1	2	3	4	1	5	6	7	8	9	10	11	12	13	1	14	14
6	107189020	107451362	1	1	2	3	1	4	5	6	7	8	9	10	11	12	1	13	13
6	107451362	108207037	1	1	2	3	1	4	5	6	7	8	6	9	10	11	1	12	12
6	108207037	108317308	1	1	2	3	1	4	5	6	7	8	9	10	11	12	1	13	13
6	108317308	108770086	1	2	3	4	1	5	6	7	8	9	10	11	12	13	1	14	14
6	108770086	109293349	1	2	3	4	5	6	7	8	9	10	11	12	13	14	5	15	15
6	109293349	109433926	1	2	3	4	5	6	7	8	9	10	11	12	4	13	5	14	14
6	109433926	109444133	1	2	3	4	1	5	6	7	8	9	10	11	4	12	1	13	13
6	109444133	109843979	1	2	3	4	1	5	6	2	7	8	9	10	4	11	1	12	12
6	109843979	110229277	1	2	3	4	1	5	6	2	7	8	9	10	4	6	1	11	11
6	110229277	111054319	1	2	3	4	1	5	6	7	8	9	10	11	4	6	1	12	12
6	111054319	111080103	1	2	3	4	1	5	6	7	8	9	10	11	4	12	1	13	13
6	111080103	111297662	1	2	3	4	1	5	6	7	8	9	10	11	4	12	13	14	14
6	111297662	112045362	1	2	3	4	1	5	6	7	8	9	10	11	12	13	14	15	15
6	112045362	112668775	1	1	2	3	1	4	5	6	7	8	9	10	11	12	13	14	14
6	112668775	113607447	1	1	2	3	4	5	6	7	8	9	10	11	12	13	14	15	15
6	113607447	113832552	1	2	3	4	5	6	7	8	9	10	11	12	13	14	15	16	16
6	113832552	114066943	1	2	3	4	5	6	7	8	9	10	11	12	13	14	15	13	15
6	114066943	114747613	1	2	3	4	5	6	7	8	9	10	11	12	1	13	14	1	14
6	114747613	114878757	1	2	3	4	4	5	6	7	8	9	10	11	1	12	13	1	13
6	114878757	114878923	1	2	3	4	4	2	5	6	7	8	9	10	1	11	12	1	12
6	114878923	114886200	1	2	3	4	4	2	5	6	7	8	9	10	1	5	11	1	11
6	114886200	114886925	1	2	1	3	3	2	4	5	6	7	8	9	1	4	10	1	10
6	114886925	115196005	1	2	1	3	3	2	4	5	6	7	8	9	1	4	10	11	11
6	115196005	115248656	1	2	1	3	4	2	5	6	7	8	9	10	1	5	11	12	12
6	115248656	115259820	1	2	1	3	4	2	5	6	7	8	9	10	11	5	12	13	13
6	115259820	115299480	1	2	1	3	4	2	5	6	7	8	9	10	1	5	11	12	12
6	115299480	115299885	1	2	1	3	1	2	4	5	6	7	8	9	1	4	10	11	11
6	115299885	115303268	1	2	1	3	1	2	4	5	6	7	1	8	1	4	9	10	10
6	115303268	115761191	1	2	3	4	1	2	5	6	7	8	1	9	1	5	10	11	11
6	115761191	115846683	1	2	3	4	1	2	5	6	7	8	9	10	1	5	11	12	12
6	115846683	115849677	1	2	3	4	1	2	5	6	7	8	3	9	10	5	11	12	12
6	115849677	115984168	1	2	3	4	1	5	6	7	8	9	3	10	11	6	12	13	13
6	115984168	115986590	1	2	3	4	1	5	6	7	8	9	3	10	11	6	12	7	12
6	115986590	116060130	1	2	3	4	1	5	6	7	8	9	3	10	4	6	11	7	11
6	116060130	116064252	1	2	3	4	5	6	7	8	9	10	3	11	4	7	12	8	12
6	116064252	116125784	1	2	3	4	5	6	7	8	9	10	3	11	4	12	13	8	13
6	116125784	116126006	1	2	3	4	5	6	7	8	9	10	3	11	4	7	12	8	12
6	116126006	116316901	1	2	3	4	5	6	7	8	9	10	11	12	4	7	13	8	13
6	116316901	116436038	1	2	3	4	5	6	7	8	9	10	11	12	4	13	14	8	14
6	116436038	116442686	1	2	3	4	5	6	7	8	7	9	10	11	4	12	13	8	13
6	116442686	116447151	1	2	3	4	5	6	7	8	7	6	9	10	4	11	12	8	12
6	116447151	116552791	1	2	3	4	5	6	7	8	7	6	9	10	4	11	1	8	11
6	116552791	116827862	1	2	3	4	1	5	6	7	6	5	8	9	4	10	1	7	10
6	116827862	116829351	1	2	3	4	1	5	6	7	6	8	9	10	4	11	12	7	12
6	116829351	117128058	1	2	3	4	5	6	7	8	9	10	11	12	4	13	14	8	14
6	117128058	117162779	1	2	3	4	5	6	7	8	9	9	10	11	4	12	13	8	13
6	117162779	117164158	1	2	3	4	5	6	7	8	9	9	10	11	4	12	9	8	12
6	117164158	117167854	1	2	3	4	2	5	6	7	8	8	9	10	4	11	8	7	11
6	117167854	117168512	1	2	3	4	2	5	5	6	7	7	8	9	4	10	7	6	10
6	117168512	117168791	1	2	3	3	2	4	4	5	6	6	7	8	3	9	6	5	9
6	117168791	117168973	1	2	3	3	2	4	4	5	1	1	6	7	3	8	1	5	8
6	117168973	117339629	1	2	3	3	2	4	4	5	1	1	6	7	3	1	1	5	7
6	117339629	117466123	1	2	3	3	2	4	4	5	1	1	6	4	3	1	1	5	6
6	117466123	117577840	1	2	3	4	2	5	5	6	1	1	7	5	4	1	1	6	7
6	117577840	117582931	1	2	3	4	2	5	5	6	1	1	7	8	4	9	1	6	9
6	117582931	117585441	1	2	3	4	2	5	6	7	1	1	8	9	4	10	1	7	10
6	117585441	117881697	1	2	3	4	2	3	5	6	1	1	7	8	4	9	1	6	9
6	117881697	118129386	1	2	3	4	5	3	6	7	1	1	8	9	4	10	1	7	10
6	118129386	118386967	1	2	3	4	5	3	6	7	8	1	9	10	4	11	1	7	11
6	118386967	118894328	1	2	3	4	5	3	6	4	7	1	8	9	4	10	1	4	10
6	118894328	118906563	1	2	3	4	5	3	6	4	7	8	9	10	4	11	1	4	11
6	118906563	118910066	1	2	3	4	5	3	6	4	7	8	9	10	4	11	12	4	12
6	118910066	119532527	1	2	3	4	5	6	7	4	8	9	10	11	4	12	13	4	13
6	119532527	119567917	1	2	3	4	5	6	7	4	8	1	9	10	4	11	12	4	12
6	119567917	119727722	1	2	3	4	5	6	7	8	9	1	10	11	8	12	13	8	13
6	119727722	121452640	1	2	3	4	5	6	7	4	8	1	9	10	4	11	12	4	12
6	121452640	121531693	1	2	3	4	5	6	7	4	8	9	10	11	4	12	13	4	13
6	121531693	121602129	1	2	3	4	5	6	7	8	9	10	11	12	4	13	14	8	14
6	121602129	121658716	1	2	3	4	5	6	7	8	9	10	7	11	4	12	13	8	13
6	121658716	121660424	1	2	3	4	5	6	7	8	9	10	7	11	4	1	12	8	12
6	121660424	121922476	1	2	3	4	5	6	7	8	9	2	7	10	4	1	11	8	11
6	121922476	121965200	1	2	3	4	5	6	7	8	9	2	7	10	4	11	12	8	12
6	121965200	122064828	1	2	3	4	5	6	7	8	9	10	7	11	4	12	13	8	13
6	122064828	123077529	1	1	2	3	4	5	6	7	8	9	10	11	3	12	13	7	13
6	123077529	123806765	1	1	2	3	4	5	6	7	8	6	9	10	3	11	12	7	12
6	123806765	125041052	1	1	2	3	4	5	6	7	8	9	10	11	3	12	13	7	13
6	125041052	125228088	1	2	3	4	5	6	7	8	9	10	11	12	4	13	14	8	14
6	125228088	125592110	1	2	3	4	5	6	7	8	9	7	10	11	4	12	13	8	13
6	125592110	125606661	1	2	3	4	5	6	7	8	9	7	10	11	12	13	14	8	14
6	125606661	126142025	1	2	3	4	5	6	7	8	9	7	10	11	4	12	13	8	13
6	126142025	128952086	1	2	3	4	5	6	7	8	9	10	11	12	4	13	14	8	14
6	128952086	128990126	1	2	3	4	5	6	7	8	9	10	11	12	4	2	13	8	13
6	128990126	129850789	1	2	3	4	5	3	6	7	8	9	10	11	4	2	12	7	12
6	129850789	131423804	1	2	3	4	5	3	6	7	8	2	9	10	4	2	11	7	11
6	131423804	131559528	1	2	3	4	5	3	6	7	8	2	9	10	4	2	3	7	10
6	131559528	131893486	1	2	3	4	5	3	6	7	8	9	10	11	4	2	3	7	11
6	131893486	131896047	1	2	3	4	5	3	6	7	8	9	10	11	4	2	3	12	12
6	131896047	131985385	1	2	3	4	5	3	6	7	8	9	10	11	4	2	3	7	11
6	131985385	132136511	1	2	3	4	5	3	6	7	8	9	10	11	4	12	3	7	12
6	132136511	133037662	1	2	3	4	5	6	7	8	9	10	11	12	4	13	3	8	13
6	133037662	133548857	1	2	3	4	5	6	7	8	9	10	1	11	4	12	3	8	12
6	133548857	133819612	1	2	3	4	5	6	7	8	9	10	1	11	4	12	13	8	13
6	133819612	133847882	1	2	3	4	5	6	7	8	9	10	1	11	12	13	14	8	14
6	133847882	134211923	1	2	3	4	5	6	7	8	9	10	11	12	4	13	14	8	14
6	134211923	134243582	1	2	3	4	5	4	6	7	8	9	10	11	4	12	13	7	13
6	134243582	134245847	1	2	3	4	5	4	6	1	7	8	9	10	4	11	12	1	12
6	134245847	134320019	1	2	3	4	5	4	6	1	7	8	8	9	4	10	11	1	11
6	134320019	134663038	1	2	3	4	5	4	6	1	7	8	8	9	4	6	10	1	10
6	134663038	134665057	1	2	3	4	5	4	6	1	7	8	8	9	4	10	11	1	11
6	134665057	134678794	1	2	3	4	5	4	6	1	7	8	9	10	4	11	12	1	12
6	134678794	134728368	1	2	3	4	5	4	6	1	7	8	9	10	4	8	11	1	11
6	134728368	134764309	1	2	3	4	5	4	6	1	7	8	9	10	4	8	5	1	10
6	134764309	134764648	1	2	3	4	5	4	6	7	8	9	10	11	4	9	5	7	11
6	134764648	134769931	1	2	3	4	5	4	6	7	8	9	10	8	4	9	5	7	10
6	134769931	134855111	1	2	3	4	5	4	6	4	7	8	9	7	4	8	5	4	9
6	134855111	135180134	1	2	3	4	5	6	7	6	8	9	10	8	4	9	5	6	10
6	135180134	135226352	1	2	3	4	5	6	7	6	8	9	10	8	4	11	5	6	11
6	135226352	135227053	1	2	3	4	5	6	7	8	9	10	11	9	4	12	5	8	12
6	135227053	135247558	1	2	3	4	5	6	7	8	9	10	11	12	4	13	5	8	13
6	135247558	136123679	1	2	3	4	5	6	7	8	9	10	11	12	4	13	14	8	14
6	136123679	136598064	1	2	3	4	5	6	7	8	9	10	11	12	4	13	14	15	15
6	136598064	136599982	1	2	3	4	5	6	7	8	9	10	11	12	4	1	13	14	14
6	136599982	136777444	1	2	3	4	5	6	7	8	7	9	10	11	4	1	12	13	13
6	136777444	136780854	1	2	1	3	4	5	6	7	6	8	9	10	3	1	11	12	12
6	136780854	136818126	1	2	1	3	4	5	6	7	6	8	3	9	3	1	10	11	11
6	136818126	136822707	1	2	1	3	4	5	6	1	6	7	3	8	3	1	9	10	10
6	136822707	136921288	1	2	1	3	4	5	6	1	6	7	3	8	3	1	9	7	9
6	136921288	137233859	1	2	1	3	4	5	6	1	6	4	3	7	3	1	8	4	8
6	137233859	137234431	1	2	1	3	4	5	6	1	6	7	3	8	3	1	9	4	9
6	137234431	137235118	1	2	1	3	4	5	6	1	6	6	3	7	3	1	8	4	8
6	137235118	137392973	1	2	1	3	4	5	6	1	7	6	3	8	3	1	9	4	9
6	137392973	137396987	1	2	1	3	4	5	6	1	7	6	3	8	3	1	9	10	10
6	137396987	137665390	1	2	1	3	4	1	5	1	6	5	3	7	3	1	8	9	9
6	137665390	137685443	1	2	3	4	5	3	6	3	7	6	4	8	4	3	9	10	10
6	137685443	137843910	1	2	3	4	5	6	7	6	8	7	4	9	4	3	10	11	11
6	137843910	137845825	1	2	3	4	5	6	7	6	8	7	4	9	4	10	11	12	12
6	137845825	137864728	1	2	3	4	5	6	7	6	8	9	4	10	4	11	12	13	13
6	137864728	137928658	1	2	3	4	5	6	7	6	8	9	10	11	4	12	13	14	14
6	137928658	139238327	1	2	3	4	5	6	7	6	8	9	10	11	4	12	4	13	13
6	139238327	139342032	1	2	3	4	5	6	7	8	9	10	11	12	4	13	4	14	14
6	139342032	139654723	1	2	3	4	5	6	7	8	9	10	11	12	4	13	4	8	13
6	139654723	139822485	1	2	3	4	2	5	6	7	8	9	10	11	4	12	4	7	12
6	139822485	139910824	1	2	3	4	2	5	6	6	7	8	9	10	4	11	4	6	11
6	139910824	140470476	1	2	3	2	2	4	5	5	6	7	8	9	2	10	2	5	10
6	140470476	141555276	1	2	3	2	2	4	5	5	6	6	7	8	2	9	2	5	9
6	141555276	141572024	1	2	3	4	4	5	6	6	7	7	8	9	4	10	4	6	10
6	141572024	141718621	1	2	3	4	4	5	6	7	8	8	9	10	4	11	4	7	11
6	141718621	141750791	1	2	3	4	4	5	6	7	8	8	9	10	4	11	4	12	12
6	141750791	141751670	1	2	3	4	5	6	7	8	9	9	10	11	4	12	5	13	13
6	141751670	141752350	1	2	3	4	5	6	7	8	9	10	11	12	4	13	5	14	14
6	141752350	141753117	1	2	3	4	5	6	7	8	9	10	11	12	4	13	5	8	13
6	141753117	141833474	1	2	3	4	5	6	7	8	9	10	11	12	4	13	14	8	14
6	141833474	141998026	1	2	3	4	5	6	7	8	6	9	10	11	4	12	13	8	13
6	141998026	143149765	1	1	2	3	4	5	6	7	5	8	9	10	3	11	12	7	12
6	143149765	145728833	1	1	2	3	4	5	6	7	8	9	10	11	3	12	13	7	13
6	145728833	146740034	1	1	2	3	3	4	5	6	7	8	9	10	3	11	12	6	12
6	146740034	148060279	1	1	2	3	4	5	6	7	8	9	10	11	3	12	13	7	13
6	148060279	148077894	1	1	2	3	4	5	6	7	8	9	3	10	3	11	12	7	12
6	148077894	148806055	1	1	2	3	4	5	6	7	8	9	3	10	3	7	11	7	11
6	148806055	149014958	1	1	2	3	4	5	6	3	7	8	3	9	3	3	10	3	10
6	149014958	149253793	1	1	2	2	3	4	5	2	6	7	2	8	2	2	9	2	9
6	149253793	149363828	1	1	2	2	3	4	5	2	6	7	2	8	2	9	10	2	10
6	149363828	149633687	1	1	2	2	3	4	5	6	7	8	2	9	2	10	11	2	11
6	149633687	149718504	1	1	2	2	2	3	4	5	6	7	2	8	2	9	10	2	10
6	149718504	150162831	1	1	2	3	3	4	5	6	7	8	3	9	3	10	11	3	11
6	150162831	150253217	1	1	2	3	3	4	5	6	7	8	3	9	3	9	10	3	10
6	150253217	150600387	1	1	2	3	3	4	5	6	7	8	9	10	3	10	11	3	11
6	150600387	150861181	1	1	2	3	3	4	5	6	7	8	9	7	3	7	10	3	10
6	150861181	150883228	1	1	2	3	3	4	5	6	7	8	9	7	3	7	10	11	11
6	150883228	150990747	1	1	2	3	3	4	5	6	7	8	9	10	3	10	11	12	12
6	150990747	151097063	1	1	2	3	4	5	6	7	8	9	10	11	3	11	12	13	13
6	151097063	151099614	1	1	2	1	3	4	5	6	7	8	9	10	1	10	11	12	12
6	151099614	151277797	1	1	2	1	3	4	5	6	7	8	9	10	1	11	12	13	13
6	151277797	151599105	1	1	2	1	3	4	5	6	7	8	9	10	1	11	3	12	12
6	151599105	151751513	1	1	2	3	4	5	6	7	8	9	10	11	3	12	4	13	13
6	151751513	151958377	1	1	2	3	4	5	6	7	8	9	10	11	3	12	13	14	14
6	151958377	151986776	1	1	2	3	4	5	6	7	8	9	3	10	3	11	12	13	13
6	151986776	152172032	1	1	2	2	3	4	5	6	7	8	2	9	2	10	11	12	12
6	152172032	152185222	1	2	3	3	4	5	6	7	8	9	3	10	3	11	12	13	13
6	152185222	152211666	1	2	3	3	4	5	6	4	7	8	3	9	3	7	10	11	11
6	152211666	152415566	1	2	3	3	4	5	6	4	7	8	3	9	3	7	4	10	10
6	152415566	152420373	1	2	3	3	4	5	6	7	8	9	3	10	3	8	7	11	11
6	152420373	152609546	1	1	2	2	3	4	5	6	7	8	2	9	2	7	6	10	10
6	152609546	152615328	1	1	2	3	4	5	6	7	8	9	3	10	3	8	7	11	11
6	152615328	152654719	1	1	2	3	4	5	6	7	8	9	3	10	3	8	11	12	12
6	152654719	153165516	1	1	2	3	4	5	6	7	8	9	3	10	3	11	12	13	13
6	153165516	153213938	1	1	2	3	4	1	5	6	7	8	3	9	3	10	11	12	12
6	153213938	153657235	1	2	3	4	5	2	6	7	8	9	4	10	4	11	12	13	13
6	153657235	153657983	1	2	3	4	5	2	6	7	8	9	10	11	4	12	13	14	14
6	153657983	153808796	1	2	3	4	5	2	6	7	8	9	7	10	4	11	12	13	13
6	153808796	153813677	1	2	3	4	5	2	2	6	7	8	6	9	4	10	11	12	12
6	153813677	153814490	1	2	3	4	5	2	2	6	7	8	6	9	4	8	10	11	11
6	153814490	153936696	1	2	3	4	5	2	2	6	7	8	6	9	4	8	10	1	10
6	153936696	153937022	1	2	3	4	5	6	6	7	8	9	7	10	4	9	11	1	11
6	153937022	154004564	1	2	3	4	5	6	6	7	8	9	7	10	4	9	9	1	10
6	154004564	154052620	1	2	3	4	5	6	6	7	8	9	10	11	4	9	9	1	11
6	154052620	154118335	1	2	3	4	5	6	6	7	8	2	9	10	4	2	2	1	10
6	154118335	154119957	1	2	3	4	5	6	6	7	8	2	9	10	4	11	11	1	11
6	154119957	154207804	1	2	3	4	5	6	7	8	9	2	10	11	4	12	12	1	12
6	154207804	154389982	1	2	3	4	5	6	7	8	9	2	10	11	4	12	13	1	13
6	154389982	154391282	1	2	3	4	5	6	7	8	9	10	11	12	4	13	14	1	14
6	154391282	154393344	1	2	3	4	5	6	7	8	9	10	11	12	4	13	14	15	15
6	154393344	154465307	1	2	3	4	5	5	6	7	8	9	10	11	4	12	13	14	14
6	154465307	154790165	1	2	3	4	5	5	6	7	8	9	10	11	4	12	13	5	13
6	154790165	154800238	1	2	3	4	5	6	7	8	9	10	11	12	4	13	14	5	14
6	154800238	154801807	1	2	3	4	4	5	6	7	8	9	10	11	4	12	13	4	13
6	154801807	154920801	1	2	3	4	4	5	6	7	8	9	10	11	4	12	13	14	14
6	154920801	155081988	1	2	3	4	5	6	7	8	9	10	11	12	5	13	14	15	15
6	155081988	155285792	1	2	3	4	5	6	7	8	9	7	10	11	5	12	13	14	14
6	155285792	155613742	1	2	3	4	5	6	7	8	9	7	3	10	5	11	12	13	13
6	155613742	155613780	1	2	3	4	5	6	7	8	9	7	3	10	11	12	13	14	14
6	155613780	155686010	1	2	3	4	5	6	7	8	9	7	3	10	5	11	12	13	13
6	155686010	155702073	1	2	3	4	5	6	7	8	9	10	3	11	5	12	13	14	14
6	155702073	156040818	1	2	3	4	5	6	7	8	9	10	3	11	5	11	12	13	13
6	156040818	156182626	1	2	3	4	5	6	7	8	9	10	3	11	5	12	13	14	14
6	156182626	156183647	1	2	3	4	5	6	7	8	9	10	3	11	12	13	14	15	15
6	156183647	156208555	1	2	3	3	4	5	6	7	8	9	3	10	11	12	13	14	14
6	156208555	156375959	1	2	3	4	5	6	7	8	9	10	4	11	12	13	14	15	15
6	156375959	156584507	1	2	3	4	5	6	7	8	9	10	4	11	6	12	13	14	14
6	156584507	156638573	1	2	3	4	5	6	7	8	9	10	11	12	6	13	14	15	15
6	156638573	156645236	1	2	3	4	5	6	7	8	9	10	11	12	6	12	13	14	14
6	156645236	156649777	1	2	3	4	4	5	6	7	8	9	10	11	5	11	12	13	13
6	156649777	156990845	1	2	3	3	3	4	5	6	7	8	9	10	4	10	11	12	12
6	156990845	157108310	1	2	3	3	3	4	5	6	7	8	9	10	4	10	5	11	11
6	157108310	157225876	1	2	3	3	3	4	5	6	7	8	9	10	4	11	5	12	12
6	157225876	157226106	1	2	3	3	3	4	5	6	7	8	9	10	11	12	5	13	13
6	157226106	157260945	1	2	3	3	3	4	5	6	7	8	9	10	4	11	5	12	12
6	157260945	157262717	1	2	3	4	4	5	6	7	8	9	10	11	5	12	6	13	13
6	157262717	157432210	1	2	3	4	4	5	6	7	8	9	10	11	5	12	13	14	14
6	157432210	157849805	1	2	3	4	4	5	6	7	8	9	10	11	5	12	7	13	13
6	157849805	157850793	1	2	3	4	5	6	7	8	9	10	11	12	6	13	8	14	14
6	157850793	158039073	1	2	3	4	4	5	6	7	8	9	10	11	5	12	7	13	13
6	158039073	158064801	1	2	3	4	4	5	6	7	8	9	10	11	12	13	7	14	14
6	158064801	158068330	1	2	3	4	4	5	6	7	8	7	9	10	11	12	7	13	13
6	158068330	158500984	1	2	3	4	4	1	5	6	7	6	8	9	10	11	6	12	12
6	158500984	158509293	1	2	3	4	4	1	5	6	7	6	8	9	10	11	12	13	13
6	158509293	158511706	1	2	3	4	4	1	5	6	7	8	9	10	11	12	13	14	14
6	158511706	158521939	1	2	3	4	4	5	6	7	8	9	10	11	12	13	14	15	15
6	158521939	158529448	1	2	3	4	4	5	6	7	8	9	10	11	5	12	13	14	14
6	158529448	158908494	1	2	3	4	4	5	6	4	7	8	9	10	5	11	12	13	13
6	158908494	158917798	1	2	3	4	4	5	6	7	8	9	10	11	5	12	13	14	14
6	158917798	159231597	1	2	3	4	5	6	7	8	9	10	11	12	6	13	14	15	15
6	159231597	159539858	1	2	3	4	5	6	7	8	9	7	10	11	6	12	13	14	14
6	159539858	159804989	1	2	3	4	5	6	7	8	9	10	11	12	6	13	14	15	15
6	159804989	159895674	1	2	3	4	5	6	7	8	9	7	10	11	6	12	13	14	14
6	159895674	160114972	1	2	3	2	4	5	6	7	8	6	9	10	5	11	12	13	13
6	160114972	160526967	1	2	3	2	4	5	6	7	8	9	10	11	5	12	13	14	14
6	160526967	160539140	1	2	3	4	5	6	7	8	9	10	11	12	6	13	14	15	15
6	160539140	160557321	1	2	3	4	5	6	7	8	9	10	7	11	6	12	13	14	14
6	160557321	160559142	1	2	3	4	5	6	7	8	9	10	7	11	12	13	14	15	15
6	160559142	160734477	1	2	3	4	5	6	7	8	9	10	7	11	6	12	13	14	14
6	160734477	160736377	1	2	3	4	5	6	7	8	9	10	7	11	12	13	14	15	15
6	160736377	161016898	1	2	3	4	5	6	7	8	9	10	11	12	13	14	15	16	16
6	161016898	161451770	1	1	2	3	4	5	6	7	8	9	10	11	12	13	14	15	15
6	161451770	161924120	1	1	2	3	4	5	6	7	8	9	10	11	3	12	13	14	14
6	161924120	161976530	1	1	2	1	3	4	5	6	7	8	9	10	1	11	12	13	13
6	161976530	162282031	1	1	2	3	4	5	6	7	8	9	10	11	1	12	13	14	14
6	162282031	162357497	1	2	3	4	5	6	7	8	9	10	11	12	2	13	14	15	15
6	162357497	162358133	1	1	2	3	4	5	6	7	8	9	10	11	1	12	13	14	14
6	162358133	162619429	1	1	2	3	4	4	5	6	7	8	9	10	1	11	12	13	13
6	162619429	162628110	1	1	2	3	4	5	6	7	8	9	10	11	1	12	13	14	14
6	162628110	162748411	1	2	3	4	5	6	7	8	9	10	11	12	2	13	14	15	15
6	162748411	162854130	1	2	3	4	5	6	7	8	9	10	11	12	2	13	11	14	14
6	162854130	163280198	1	2	3	4	5	6	7	8	9	10	11	12	2	13	14	15	15
6	163280198	163324956	1	1	2	3	4	5	6	7	8	9	10	11	1	12	13	14	14
6	163324956	163372467	1	1	2	3	4	3	5	6	7	8	9	10	1	11	12	13	13
6	163372467	163492162	1	1	2	3	4	3	5	6	7	7	8	9	1	10	11	12	12
6	163492162	163593353	1	1	2	3	4	3	5	6	7	7	8	9	1	10	11	3	11
6	163593353	163596830	1	1	2	3	4	5	6	7	8	8	9	10	1	11	12	3	12
6	163596830	163653574	1	1	2	3	4	5	6	7	8	9	10	11	1	12	13	3	13
6	163653574	163759741	1	1	2	3	4	5	6	7	8	9	10	11	1	12	6	3	12
6	163759741	163867783	1	1	2	3	4	5	6	7	8	9	10	11	1	12	6	13	13
6	163867783	163889504	1	1	2	3	4	5	6	7	8	9	10	11	1	12	13	14	14
6	163889504	163996760	1	1	2	3	4	5	6	7	8	9	10	11	1	11	12	13	13
6	163996760	164186247	1	1	2	3	4	5	6	7	8	9	10	11	1	12	13	14	14
6	164186247	164188921	1	1	2	3	3	4	5	6	7	8	9	10	1	11	12	13	13
6	164188921	164343579	1	2	3	4	4	5	6	7	8	9	10	11	2	12	13	14	14
6	164343579	164343709	1	2	3	3	3	4	5	6	7	8	9	10	2	11	12	13	13
6	164343709	164488098	1	2	3	3	3	4	1	5	6	7	8	9	2	10	7	11	11
6	164488098	164489326	1	2	3	3	3	4	5	6	7	8	9	10	2	11	12	13	13
6	164489326	164495764	1	2	3	4	3	5	6	7	8	9	10	11	2	12	13	14	14
6	164495764	164652769	1	2	3	4	3	5	6	7	8	4	9	10	2	11	12	13	13
6	164652769	164734444	1	2	3	4	3	5	6	7	1	4	8	9	2	10	11	12	12
6	164734444	164890550	1	2	3	4	3	5	6	7	1	8	9	10	2	11	12	13	13
6	164890550	164904523	1	2	3	3	3	4	5	6	1	7	8	9	2	10	11	12	12
6	164904523	164907999	1	2	3	3	3	4	5	6	1	5	7	8	2	9	10	11	11
6	164907999	165531193	1	2	3	3	3	4	5	6	7	5	8	9	2	10	11	12	12
6	165531193	165648249	1	2	3	3	3	4	5	6	7	8	9	10	2	11	12	13	13
6	165648249	165842800	1	2	3	3	3	4	5	6	7	8	9	10	2	6	11	12	12
6	165842800	165891908	1	2	3	3	3	4	5	2	6	7	8	9	2	2	10	11	11
6	165891908	165996632	1	2	3	3	3	4	5	2	6	7	8	9	2	10	11	12	12
6	165996632	166018357	1	2	3	3	3	4	5	6	7	8	9	10	2	11	12	13	13
6	166018357	166020800	1	2	3	3	3	4	5	6	7	8	9	10	2	11	6	12	12
6	166020800	166021173	1	2	3	3	4	5	6	7	8	9	10	11	2	12	7	13	13
6	166021173	166175369	1	2	3	4	5	6	7	8	9	10	11	12	2	13	8	14	14
6	166175369	166294531	1	2	3	4	4	5	6	7	8	9	10	11	2	12	7	13	13
6	166294531	166340249	1	2	3	4	5	6	7	8	9	10	11	12	2	13	14	15	15
6	166340249	166340363	1	2	3	4	5	6	7	8	9	3	10	11	2	1	12	13	13
6	166340363	166340677	1	2	3	4	5	1	6	7	8	3	9	10	2	1	11	12	12
6	166340677	166506765	1	2	3	4	5	1	6	7	8	3	5	9	2	1	10	11	11
6	166506765	166577274	1	2	3	4	5	1	6	7	8	3	5	9	2	1	10	10	10
6	166577274	166643408	1	2	3	3	4	1	5	6	7	3	4	8	2	1	9	9	9
6	166643408	166644219	1	2	3	3	4	1	5	6	7	3	4	8	2	1	9	10	10
6	166644219	166649133	1	2	1	1	3	4	5	6	7	1	3	8	2	1	9	4	9
6	166649133	166675842	1	2	1	1	3	4	5	6	7	1	3	8	2	9	10	4	10
6	166675842	166771129	1	2	1	1	3	4	5	6	7	1	8	9	2	10	11	4	11
6	166771129	166775913	1	2	1	3	4	5	6	7	8	1	9	10	2	11	12	13	13
6	166775913	166884955	1	2	3	4	5	6	7	8	9	1	10	11	2	12	13	14	14
6	166884955	166896854	1	2	3	4	5	6	7	8	9	10	11	12	2	13	14	15	15
6	166896854	166974148	1	2	3	4	5	6	7	8	7	9	10	11	2	12	13	14	14
6	166974148	167109083	1	2	3	4	5	6	7	8	9	10	11	12	2	13	14	15	15
6	167109083	167222374	1	2	3	4	5	1	6	7	8	9	10	11	2	12	13	14	14
6	167222374	167398394	1	2	3	4	5	6	7	8	9	10	11	12	2	13	14	15	15
6	167398394	167399639	1	2	3	4	5	6	7	8	9	10	11	12	2	4	13	14	14
6	167399639	167525111	1	2	3	4	5	6	7	8	9	10	11	12	2	4	13	1	13
6	167525111	167552779	1	2	3	4	5	6	7	8	9	10	11	12	13	4	14	1	14
6	167552779	167836018	1	2	3	2	4	5	6	7	8	9	10	11	12	2	13	1	13
6	167836018	167870913	1	2	3	2	4	5	6	7	8	9	10	11	12	13	14	1	14
6	167870913	167937768	1	2	3	4	5	6	7	8	9	10	11	12	13	14	15	16	16
6	167937768	167939358	1	2	3	4	5	6	7	8	9	10	11	12	13	14	15	13	15
6	167939358	168022298	1	2	3	4	5	6	7	8	9	10	11	12	2	13	14	2	14
6	168022298	168059044	1	2	3	4	5	6	7	8	9	10	4	11	2	12	13	2	13
6	168059044	168086266	1	2	3	4	5	6	7	8	9	10	4	11	2	12	13	14	14
6	168086266	168087153	1	2	3	4	5	6	7	4	8	9	4	10	2	11	12	13	13
6	168087153	168101353	1	2	3	4	5	6	7	4	7	8	4	9	2	10	11	12	12
6	168101353	168198356	1	2	3	4	5	6	7	4	7	1	4	8	2	9	10	11	11
6	168198356	168297270	1	2	3	4	5	6	7	4	7	1	4	8	2	9	10	4	10
6	168297270	168307473	1	2	3	4	5	6	7	4	7	8	4	9	2	10	11	4	11
6	168307473	168344807	1	2	3	4	5	6	7	4	8	9	4	10	2	11	12	4	12
6	168344807	168444012	1	2	3	4	5	3	6	4	7	8	4	9	2	10	11	4	11
6	168444012	168449690	1	2	3	4	5	3	6	7	8	9	7	10	2	11	12	7	12
6	168449690	168461096	1	2	3	4	5	3	6	7	8	9	10	11	2	12	13	7	13
6	168461096	168527158	1	2	3	4	5	3	6	7	8	9	10	11	2	12	13	14	14
6	168527158	168638704	1	2	3	4	5	3	6	7	8	9	10	11	2	12	1	13	13
6	168638704	168661205	1	2	3	4	5	3	6	7	8	9	10	11	2	12	13	14	14
6	168661205	168780006	1	2	3	4	5	6	7	8	9	10	11	12	2	13	14	15	15
6	168780006	168827346	1	2	3	4	5	6	7	8	9	10	11	12	2	13	6	14	14
6	168827346	168838516	1	2	3	4	5	6	7	8	9	10	11	12	2	13	6	6	13
6	168838516	168884904	1	2	3	4	5	6	7	8	9	6	10	11	2	12	6	6	12
6	168884904	168942528	1	2	3	4	5	6	7	8	9	6	10	11	2	12	13	6	13
6	168942528	168945032	1	2	3	4	5	6	7	8	9	10	11	12	2	13	14	10	14
6	168945032	169009426	1	2	3	4	5	6	7	8	9	10	2	11	2	12	13	14	14
6	169009426	169022873	1	2	3	2	4	5	6	7	8	9	2	10	2	11	12	13	13
6	169022873	169030990	1	2	3	2	4	2	5	6	7	8	2	9	2	10	11	12	12
6	169030990	169164304	1	2	3	2	4	2	5	6	7	8	2	9	2	10	11	1	11
6	169164304	169169819	1	2	3	2	4	2	5	6	7	8	9	10	2	11	12	1	12
6	169169819	169308355	1	2	3	2	4	2	5	6	7	8	9	10	2	11	10	1	11
6	169308355	169313648	1	2	3	2	4	2	5	6	7	8	9	10	2	11	12	1	12
6	169313648	169323389	1	2	3	4	5	2	6	7	8	9	10	11	2	12	13	1	13
6	169323389	169324079	1	2	3	4	5	6	7	8	9	10	11	12	2	13	14	1	14
6	169324079	169373037	1	2	3	4	5	6	7	8	9	10	11	12	2	13	2	1	13
6	169373037	169387522	1	2	3	4	5	6	7	8	9	10	11	12	2	4	2	1	12
6	169387522	169393252	1	2	3	4	5	2	6	7	8	5	2	9	2	4	2	1	9
6	169393252	169501008	1	2	3	4	3	2	5	6	7	3	2	8	2	4	2	1	8
6	169501008	169501131	1	2	2	3	2	2	4	5	6	2	2	7	2	3	2	1	7
6	169501131	169540346	1	2	2	3	2	2	4	5	6	2	2	7	2	8	2	1	8
6	169540346	169547771	1	2	3	4	2	2	5	6	7	3	2	8	2	9	2	1	9
6	169547771	169552977	1	2	3	4	5	2	6	7	8	3	5	9	2	10	5	1	10
6	169552977	169558022	1	2	3	4	5	6	7	8	9	3	5	10	6	11	5	1	11
6	169558022	169623659	1	2	3	4	5	2	6	7	8	3	5	9	2	10	5	1	10
6	169623659	169627507	1	2	3	4	5	2	6	7	8	9	10	11	2	12	5	1	12
6	169627507	169627766	1	2	3	4	5	2	6	7	3	8	9	10	2	11	5	1	11
6	169627766	169696997	1	2	3	4	5	6	7	8	3	9	10	11	2	12	5	1	12
6	169696997	169713932	1	2	3	4	5	6	7	8	3	3	9	10	2	11	5	1	11
6	169713932	169954975	1	2	3	4	5	6	7	8	3	3	9	10	2	11	5	12	12
6	169954975	169968925	1	2	3	4	5	6	7	8	3	9	10	11	2	12	5	13	13
6	169968925	169985041	1	2	3	4	5	6	7	8	3	9	10	11	12	13	5	14	14
6	169985041	169985072	1	2	3	4	5	6	7	8	3	9	10	11	12	5	5	13	13
6	169985072	170129338	1	2	3	4	5	6	7	8	3	9	10	11	2	5	5	12	12
6	170129338	170254360	1	2	3	4	5	6	7	8	3	5	9	10	2	5	5	11	11
6	170254360	170254764	1	2	3	4	5	6	7	8	3	5	9	10	2	11	5	12	12
6	170254764	170342747	1	2	3	4	5	6	7	8	9	5	10	11	2	12	5	13	13
6	170342747	170413325	1	2	3	4	5	6	7	8	3	5	9	10	2	11	5	12	12
6	170413325	170413720	1	2	3	4	5	6	7	8	3	5	5	9	2	10	5	11	11
6	170413720	170413772	1	2	3	4	5	6	7	8	3	5	5	9	2	10	5	1	10
6	170413772	170733446	1	2	3	4	5	6	7	8	3	5	5	9	2	1	5	1	9
6	170733446	170775113	1	2	3	4	5	6	7	8	3	9	5	10	2	1	5	1	10
6	170775113	170825169	1	2	3	4	5	6	7	8	3	9	10	11	2	12	5	12	12
6	170825169	170827820	1	2	3	4	5	6	7	8	3	9	10	11	2	2	5	2	11
6	170827820	170946509	1	2	3	4	5	6	7	8	3	9	10	11	2	2	12	2	12
6	170946509	171054764	1	2	3	4	5	6	7	8	3	9	10	11	2	12	13	2	13
6	171054764	171094221	1	2	3	4	5	6	7	8	9	10	11	12	2	13	14	2	14
6	171094221	171099998	1	2	3	4	5	6	7	8	3	9	10	11	2	12	13	2	13
6	171099998	171114456	1	2	3	4	5	6	7	8	3	9	4	10	2	11	12	2	12
6	171114456	171115143	1	1	2	3	4	5	6	7	2	8	3	9	1	10	11	12	12
6	171115143	171265489	1	1	2	3	3	4	5	6	2	7	3	8	1	9	10	11	11
6	171265489	171559524	1	1	2	3	3	4	5	6	2	7	3	8	1	9	10	7	10
6	171559524	171659832	1	1	2	3	4	5	6	7	2	8	3	9	1	10	11	8	11
6	171659832	172038470	1	1	2	3	4	5	6	7	2	8	9	10	1	11	12	8	12
6	172038470	172187865	1	1	2	3	4	5	6	7	2	8	9	10	1	11	12	13	13
6	172187865	172210335	1	1	2	3	4	5	6	7	8	9	10	11	1	12	13	14	14
6	172210335	172245637	1	2	3	4	5	6	7	8	9	10	11	12	2	13	14	15	15
6	172245637	172246634	1	2	3	4	5	6	7	8	9	10	11	12	2	13	11	14	14
6	172246634	172290596	1	2	3	4	5	6	7	8	9	10	11	12	13	14	11	15	15
6	172290596	173392688	1	2	3	4	5	6	7	8	9	10	5	11	2	12	5	13	13
