chrom	start	end	B73_inra	A632_usa	CO255_inra	FV252_inra	OH43_inra	A654_inra	FV2_inra	C103_inra	EP1_inra	D105_inra	W117_inra	B96	DK63	F492	ND245	VA85	n_haps
7	75915	79043	1	2	3	4	5	6	7	8	9	10	11	12	13	14	15	16	16
7	79043	1245231	1	2	3	4	5	6	7	8	9	10	11	12	2	13	14	8	14
7	1245231	1368493	1	2	3	3	4	5	6	7	7	8	9	10	2	11	12	7	12
7	1368493	1373047	1	2	3	4	5	6	7	8	8	9	10	11	2	12	13	8	13
7	1373047	1465315	1	2	3	4	5	6	7	8	9	10	11	12	2	13	14	8	14
7	1465315	1465755	1	2	3	4	5	6	7	8	9	10	11	12	2	13	6	8	13
7	1465755	1667725	1	2	3	4	5	3	6	7	8	9	10	11	2	12	3	7	12
7	1667725	1674697	1	2	3	4	5	3	6	7	6	8	9	10	2	11	3	7	11
7	1674697	1674984	1	2	3	4	5	3	6	7	6	8	9	10	2	11	12	7	12
7	1674984	1881455	1	2	3	4	5	3	6	7	6	8	7	9	2	10	11	7	11
7	1881455	1885739	1	2	3	4	5	6	7	8	7	9	8	10	2	11	12	8	12
7	1885739	2057454	1	2	3	4	5	6	7	8	7	9	8	10	2	11	9	8	11
7	2057454	2058717	1	2	3	4	5	6	7	8	7	9	10	11	2	12	9	8	12
7	2058717	2173879	1	2	3	4	5	6	7	8	9	10	11	12	2	13	10	8	13
7	2173879	2249192	1	2	3	4	5	6	7	8	9	10	11	12	13	14	10	8	14
7	2249192	2260505	1	2	3	4	5	6	7	8	9	10	11	12	13	14	15	8	15
7	2260505	2260878	1	2	3	4	5	6	7	8	9	10	11	12	13	14	15	16	16
7	2260878	2630187	1	2	3	4	5	6	7	8	9	10	11	12	13	14	15	8	15
7	2630187	2671510	1	2	3	4	5	6	7	8	9	10	11	12	13	14	15	16	16
7	2671510	2758269	1	2	3	4	5	6	7	8	9	10	11	12	13	14	15	8	15
7	2758269	2986994	1	2	3	4	5	6	7	8	9	10	11	7	12	13	14	8	14
7	2986994	2991907	1	2	3	4	5	6	7	8	9	10	11	12	13	14	15	8	15
7	2991907	3080163	1	2	2	3	4	5	6	7	8	9	10	11	12	13	14	7	14
7	3080163	3194870	1	2	2	3	4	5	6	7	8	9	10	11	12	13	4	7	13
7	3194870	3306836	1	2	3	4	5	6	7	8	9	10	11	12	13	14	5	8	14
7	3306836	3309536	1	2	3	4	5	6	7	8	9	10	6	11	12	13	5	8	13
7	3309536	3324431	1	2	3	4	5	6	7	7	8	9	6	10	11	12	5	7	12
7	3324431	3556007	1	2	3	4	5	5	6	6	7	8	5	9	10	11	5	6	11
7	3556007	3652470	1	2	3	4	5	5	6	6	7	8	5	9	1	10	5	6	10
7	3652470	3740818	1	2	3	4	5	5	6	7	8	9	5	10	1	11	5	7	11
7	3740818	3748413	1	2	3	4	5	5	6	7	8	9	5	10	1	5	5	7	10
7	3748413	3769838	1	2	3	4	5	6	7	8	9	10	5	11	1	5	5	8	11
7	3769838	3851186	1	2	3	4	5	6	7	8	9	10	11	12	13	11	11	8	13
7	3851186	3851252	1	2	3	4	5	6	7	8	9	10	5	11	12	5	5	8	12
7	3851252	3853476	1	2	3	4	5	6	7	8	1	9	5	10	11	5	5	8	11
7	3853476	4055792	1	2	3	4	5	6	7	8	1	9	5	10	1	5	5	8	10
7	4055792	4062014	1	2	3	4	5	6	7	8	9	10	5	11	1	5	5	8	11
7	4062014	4097927	1	2	3	4	5	6	7	8	9	10	5	11	12	5	5	8	12
7	4097927	4201215	1	2	3	4	5	6	7	8	9	10	11	12	13	5	5	8	13
7	4201215	4278756	1	2	3	4	4	5	6	7	8	9	10	11	12	13	4	7	13
7	4278756	4473112	1	2	3	4	5	6	7	8	9	10	11	12	13	14	5	8	14
7	4473112	4766949	1	2	3	4	5	6	7	8	9	10	11	12	13	14	5	15	15
7	4766949	4829256	1	2	3	4	5	6	7	8	9	10	11	12	13	14	5	4	14
7	4829256	5085886	1	2	3	4	5	4	6	7	8	9	10	11	12	13	5	4	13
7	5085886	5119792	1	2	3	4	5	6	7	8	9	10	11	12	13	14	5	6	14
7	5119792	5231226	1	2	3	4	5	6	7	8	9	10	11	12	13	14	5	15	15
7	5231226	5659600	1	2	3	4	5	6	7	8	9	10	11	12	13	14	5	5	14
7	5659600	5665194	1	2	3	4	5	6	7	8	9	10	11	12	13	14	5	15	15
7	5665194	5843912	1	1	2	3	4	5	6	7	8	9	10	11	12	13	4	14	14
7	5843912	5875752	1	1	2	3	4	5	6	7	8	9	10	11	12	13	4	7	13
7	5875752	6119370	1	1	2	3	4	5	6	7	8	9	1	10	11	12	4	7	12
7	6119370	6327104	1	1	2	3	4	5	6	3	7	8	1	9	10	11	4	3	11
7	6327104	6340395	1	1	2	3	4	5	6	3	7	8	9	10	11	12	4	3	12
7	6340395	6344488	1	2	3	4	5	6	7	4	8	9	10	11	12	13	5	4	13
7	6344488	6434096	1	2	3	4	5	6	7	4	8	9	10	11	2	12	5	4	12
7	6434096	6493230	1	2	3	4	5	6	7	8	9	10	11	12	2	13	5	4	13
7	6493230	6496284	1	2	3	4	5	6	7	8	9	10	11	12	2	13	5	14	14
7	6496284	6588444	1	2	3	4	5	6	7	8	9	10	11	12	13	14	15	16	16
7	6588444	6748213	1	2	3	4	5	6	7	8	9	10	11	9	12	13	14	15	15
7	6748213	7455338	1	2	3	4	5	6	7	8	9	10	11	12	13	14	15	16	16
7	7455338	7504039	1	1	2	3	4	5	6	7	8	9	10	11	12	13	14	15	15
7	7504039	7547868	1	1	2	3	4	5	6	3	7	8	9	10	11	12	13	14	14
7	7547868	7848612	1	1	2	3	4	5	6	3	7	8	9	10	11	12	4	13	13
7	7848612	8249529	1	2	3	4	5	6	7	8	9	10	11	12	13	14	5	15	15
7	8249529	8249824	1	2	3	4	5	6	7	8	9	6	10	11	12	13	5	14	14
7	8249824	8477268	1	2	3	4	5	6	7	8	9	6	5	10	11	12	5	13	13
7	8477268	8477688	1	2	3	4	5	6	7	8	9	10	5	11	12	13	5	14	14
7	8477688	8606982	1	2	3	4	5	6	7	8	9	10	5	11	12	4	5	13	13
7	8606982	8608320	1	2	3	4	5	6	7	8	9	10	5	11	12	4	5	6	12
7	8608320	8716390	1	2	3	4	5	6	7	8	9	6	5	10	11	4	5	6	11
7	8716390	8760985	1	2	3	4	5	6	7	8	9	6	5	10	11	12	5	6	12
7	8760985	8979716	1	2	3	4	5	6	7	4	8	6	5	9	10	11	5	6	11
7	8979716	8987554	1	2	3	4	5	6	7	4	8	6	9	10	11	12	5	6	12
7	8987554	8987992	1	2	3	4	5	6	7	8	9	6	10	11	12	13	5	6	13
7	8987992	9481140	1	2	3	4	5	6	7	8	9	6	10	11	12	13	5	14	14
7	9481140	9547811	1	2	3	4	5	6	7	8	9	10	11	12	13	14	5	15	15
7	9547811	9635251	1	2	3	4	5	6	7	8	9	10	11	12	13	14	15	16	16
7	9635251	9652980	1	2	3	4	5	6	7	8	9	10	11	12	13	14	13	15	15
7	9652980	9660850	1	2	3	4	5	6	7	8	9	10	11	12	2	13	2	14	14
7	9660850	10085259	1	2	3	4	5	6	7	8	9	10	5	11	2	12	2	13	13
7	10085259	10088536	1	2	3	4	5	6	7	8	9	10	5	11	2	5	2	4	11
7	10088536	10114147	1	2	3	4	5	6	7	8	9	6	5	10	2	5	2	4	10
7	10114147	10118453	1	2	3	4	5	6	7	8	9	6	10	11	12	10	12	4	12
7	10118453	10330918	1	2	3	4	5	2	6	7	8	2	9	10	11	9	12	4	12
7	10330918	10342509	1	2	3	4	5	2	6	7	8	2	9	10	11	12	13	4	13
7	10342509	10474954	1	2	3	4	5	2	6	7	8	9	10	11	12	13	14	4	14
7	10474954	10576929	1	2	3	4	5	2	6	7	8	9	10	11	12	13	14	15	15
7	10576929	10933860	1	2	3	4	5	6	7	8	9	10	11	12	13	14	15	16	16
7	10933860	10976246	1	2	3	4	5	6	7	8	9	10	11	12	13	14	3	15	15
7	10976246	10976816	1	2	3	4	1	5	6	7	8	9	10	11	12	13	3	14	14
7	10976816	10977841	1	2	3	4	1	5	6	7	8	9	10	11	12	1	3	13	13
7	10977841	11274033	1	2	3	4	1	5	6	7	8	9	4	10	11	1	3	12	12
7	11274033	11290109	1	2	3	4	1	5	6	7	8	9	10	11	12	1	3	13	13
7	11290109	11574742	1	2	3	4	1	5	6	7	8	9	10	11	8	1	12	13	13
7	11574742	11819813	1	2	3	4	1	5	6	7	8	9	10	11	12	1	13	14	14
7	11819813	11822167	1	2	3	4	1	5	6	7	8	9	10	11	12	13	14	15	15
7	11822167	12037481	1	2	3	4	1	5	6	7	8	9	10	11	12	13	14	2	14
7	12037481	12043182	1	2	3	4	1	4	5	6	7	8	9	10	11	12	13	2	13
7	12043182	12097565	1	2	3	4	1	4	5	6	7	8	9	10	11	4	12	2	12
7	12097565	12172234	1	2	3	3	1	3	4	5	6	7	8	9	10	3	11	2	11
7	12172234	12178549	1	2	1	1	1	1	3	4	5	6	7	8	9	1	10	2	10
7	12178549	12625898	1	2	3	3	3	3	4	5	6	7	8	9	10	3	11	2	11
7	12625898	12627077	1	2	3	3	3	3	4	5	6	7	8	9	6	3	10	2	10
7	12627077	12661871	1	2	3	3	3	3	4	5	6	7	8	9	6	10	11	2	11
7	12661871	12663253	1	2	3	3	3	4	5	6	7	8	9	10	7	11	12	2	12
7	12663253	12749415	1	2	3	3	3	4	5	6	7	4	8	9	7	10	11	2	11
7	12749415	12812532	1	2	3	3	3	4	5	6	1	4	7	8	1	9	10	2	10
7	12812532	13239884	1	2	3	3	3	4	5	5	1	4	6	7	1	8	9	2	9
7	13239884	13319578	1	2	3	3	3	4	5	6	1	4	7	8	1	9	10	2	10
7	13319578	13333346	1	2	3	3	3	4	5	6	7	4	8	9	7	10	11	2	11
7	13333346	13385942	1	2	3	3	3	4	5	6	7	8	9	10	7	11	12	2	12
7	13385942	13833657	1	2	3	4	4	5	6	7	8	9	10	11	12	13	14	15	15
7	13833657	14497877	1	2	3	4	5	6	7	8	9	10	11	12	13	14	15	16	16
7	14497877	14771186	1	2	3	4	5	6	7	8	9	10	11	12	13	14	3	15	15
7	14771186	14779755	1	1	2	3	4	5	6	7	8	9	10	11	12	13	2	14	14
7	14779755	15043602	1	1	2	3	4	5	6	7	8	9	10	11	12	13	2	3	13
7	15043602	15408232	1	1	2	3	4	5	6	7	8	9	10	11	12	13	14	3	14
7	15408232	15695224	1	1	2	3	4	5	6	7	8	9	10	11	12	13	5	3	13
7	15695224	15920784	1	1	2	3	4	5	6	7	8	9	10	11	1	12	5	3	12
7	15920784	15921832	1	1	2	3	4	2	5	6	7	8	9	10	1	11	12	3	12
7	15921832	16161818	1	1	2	1	3	2	4	5	6	7	8	9	1	10	11	1	11
7	16161818	16241464	1	1	2	1	3	2	4	5	6	7	8	9	1	10	11	12	12
7	16241464	16253417	1	1	2	1	3	2	4	5	6	7	8	9	1	10	11	4	11
7	16253417	16384310	1	1	2	1	3	2	4	5	6	7	8	9	1	10	3	4	10
7	16384310	16455998	1	1	2	1	3	2	4	5	6	7	7	8	1	9	3	4	9
7	16455998	16652702	1	1	2	1	3	2	4	5	4	6	6	7	1	8	3	4	8
7	16652702	16746118	1	1	2	1	3	2	4	5	6	7	7	8	1	9	3	6	9
7	16746118	16829518	1	1	2	1	3	2	4	5	6	7	7	8	1	9	10	6	10
7	16829518	17576219	1	1	2	3	4	2	5	6	7	8	8	9	3	10	11	7	11
7	17576219	17577402	1	1	2	3	4	2	5	6	7	8	8	9	3	10	11	12	12
7	17577402	17863529	1	1	2	3	4	2	5	6	7	8	9	10	3	11	12	13	13
7	17863529	17938041	1	1	2	3	4	5	6	7	8	9	10	11	3	12	13	14	14
7	17938041	18230429	1	1	2	3	4	5	6	7	8	9	10	11	12	13	14	15	15
7	18230429	18650111	1	1	2	3	4	5	6	7	8	9	10	11	12	13	14	12	14
7	18650111	18651388	1	2	3	4	5	6	7	8	9	10	11	12	13	14	15	13	15
7	18651388	20578096	1	1	2	3	4	5	6	7	8	9	10	11	12	13	14	12	14
7	20578096	20578412	1	1	2	3	4	5	6	7	8	9	10	11	12	13	14	15	15
7	20578412	21487648	1	1	2	3	4	5	6	7	8	9	10	11	12	13	14	12	14
7	21487648	22240607	1	1	2	3	4	5	6	7	8	9	10	11	2	12	13	2	13
7	22240607	22317456	1	1	2	3	4	5	6	7	8	9	10	11	12	13	14	12	14
7	22317456	23016858	1	1	2	3	4	5	6	7	8	9	10	11	12	13	14	15	15
7	23016858	23067524	1	1	2	3	4	5	6	7	8	9	10	11	12	13	13	14	14
7	23067524	23920744	1	1	2	3	4	5	4	6	7	8	9	10	11	12	12	13	13
7	23920744	24575261	1	1	2	3	4	5	4	6	7	8	2	9	10	11	11	12	12
7	24575261	25022362	1	1	2	3	4	5	4	6	7	8	2	9	10	11	12	13	13
7	25022362	25303032	1	1	2	3	4	5	6	7	8	9	2	10	11	12	13	14	14
7	25303032	25304532	1	2	3	4	5	6	7	8	9	10	3	11	12	13	14	15	15
7	25304532	25498443	1	1	2	3	4	5	6	7	8	9	2	10	11	12	13	14	14
7	25498443	26221011	1	1	2	3	4	5	6	7	8	9	10	11	12	13	14	15	15
7	26221011	27664346	1	1	2	3	4	5	6	7	8	9	10	11	4	12	13	14	14
7	27664346	27988953	1	1	2	3	4	5	6	7	8	9	10	11	4	12	13	4	13
7	27988953	28086758	1	2	3	4	5	6	7	8	9	10	11	12	5	13	14	5	14
7	28086758	28404436	1	1	2	3	4	5	6	7	8	9	10	11	4	12	13	4	13
7	28404436	28404933	1	1	2	3	4	5	6	7	8	9	10	11	12	13	14	4	14
7	28404933	29510527	1	1	2	3	4	5	6	7	8	9	10	11	4	12	13	4	13
7	29510527	30367510	1	1	2	3	4	5	6	7	8	9	10	11	4	12	4	4	12
7	30367510	30455727	1	1	2	3	4	5	6	7	8	9	10	11	4	12	13	13	13
7	30455727	30458482	1	1	2	3	4	5	6	7	8	9	10	11	12	13	14	14	14
7	30458482	32005204	1	1	2	3	4	5	6	7	8	9	10	11	4	12	13	13	13
7	32005204	32253938	1	1	2	3	4	5	6	7	8	9	10	11	4	12	13	14	14
7	32253938	35261282	1	1	2	3	4	5	6	7	8	9	10	11	12	13	14	15	15
7	35261282	37785683	1	1	2	3	4	5	6	7	8	9	10	11	12	13	10	14	14
7	37785683	41806410	1	1	2	3	4	5	6	7	8	9	10	11	4	12	10	13	13
7	41806410	44682779	1	1	2	3	4	5	6	7	8	9	10	11	4	12	13	14	14
7	44682779	49829061	1	1	2	3	4	5	6	7	8	9	10	11	12	13	14	15	15
7	49829061	88124177	1	2	3	4	5	6	7	8	9	10	11	12	13	14	15	16	16
7	88124177	88405138	1	2	3	4	5	6	7	8	9	10	11	12	5	13	14	15	15
7	88405138	95357311	1	2	3	4	5	6	7	8	9	10	1	11	5	12	13	14	14
7	95357311	97042586	1	2	3	4	5	6	7	8	9	10	11	12	5	13	14	15	15
7	97042586	97410030	1	2	3	4	5	6	7	8	9	10	11	12	13	14	15	16	16
7	97410030	98085299	1	2	3	4	5	6	7	8	9	10	11	12	13	7	14	15	15
7	98085299	102197116	1	2	3	4	5	6	7	8	9	10	11	12	5	7	13	14	14
7	102197116	102653289	1	2	3	4	2	5	6	7	8	9	10	11	2	6	12	13	13
7	102653289	102831429	1	2	3	4	2	5	6	7	8	9	10	11	2	6	12	12	12
7	102831429	103383158	1	2	3	4	2	5	6	7	8	9	10	11	2	12	13	13	13
7	103383158	103575119	1	2	3	4	2	5	6	7	8	9	10	11	2	12	2	2	12
7	103575119	105311082	1	2	3	4	2	5	6	7	8	9	10	11	12	13	2	2	13
7	105311082	107149522	1	2	3	4	2	5	6	7	8	9	10	11	4	12	2	2	12
7	107149522	107189187	1	2	3	4	2	5	6	7	8	9	10	11	4	12	13	2	13
7	107189187	108322868	1	2	3	4	2	5	6	7	8	9	10	11	4	12	2	2	12
7	108322868	108617163	1	2	3	4	2	5	6	7	8	9	10	11	4	12	13	13	13
7	108617163	108618652	1	2	3	4	2	5	6	7	8	9	10	11	12	13	14	14	14
7	108618652	108633686	1	2	3	4	2	5	6	7	8	9	10	11	4	12	13	13	13
7	108633686	108921089	1	2	3	4	5	6	7	8	9	10	11	12	4	13	14	14	14
7	108921089	109960379	1	2	3	4	5	6	7	8	3	9	10	11	4	12	13	13	13
7	109960379	110525593	1	2	3	4	5	6	7	8	3	9	10	11	4	12	13	14	14
7	110525593	110695629	1	2	3	4	5	6	7	8	9	10	11	12	4	13	14	15	15
7	110695629	110765664	1	2	3	4	5	6	7	8	9	10	11	12	13	14	15	16	16
7	110765664	111339847	1	2	3	4	5	6	7	8	9	10	11	12	8	13	14	15	15
7	111339847	111644367	1	2	3	4	5	6	7	8	9	10	11	12	8	13	14	5	14
7	111644367	111957512	1	2	3	4	5	6	7	8	9	10	11	12	13	14	15	5	15
7	111957512	112724634	1	2	3	4	5	6	7	8	9	10	11	12	13	14	15	16	16
7	112724634	113230378	1	2	3	4	5	6	7	8	9	7	10	11	12	13	14	15	15
7	113230378	113832136	1	2	3	3	4	5	6	7	8	6	9	10	11	12	13	14	14
7	113832136	113839681	1	2	3	3	4	3	5	6	7	5	8	9	10	11	12	13	13
7	113839681	114213603	1	2	3	3	1	3	4	5	6	4	7	8	9	10	11	12	12
7	114213603	114331375	1	2	3	3	1	3	4	5	6	4	5	7	8	9	10	11	11
7	114331375	114336880	1	2	3	3	1	3	4	5	6	7	5	8	9	10	11	12	12
7	114336880	114981750	1	2	3	3	1	3	4	5	6	4	5	7	8	9	10	11	11
7	114981750	114982519	1	2	3	3	4	3	5	6	7	5	6	8	9	10	11	12	12
7	114982519	115275243	1	2	3	3	1	3	4	5	6	4	5	7	8	9	10	11	11
7	115275243	115744994	1	2	3	3	1	3	4	5	6	7	5	8	9	10	11	12	12
7	115744994	115810016	1	2	3	3	1	3	4	5	6	7	8	9	10	11	12	13	13
7	115810016	116078498	1	2	3	3	1	4	5	6	7	8	9	10	11	12	13	14	14
7	116078498	116373338	1	2	3	4	1	5	6	7	8	9	10	11	12	13	14	15	15
7	116373338	116677390	1	2	3	4	5	6	7	8	9	10	11	12	13	14	15	16	16
7	116677390	116895250	1	2	3	4	5	6	7	8	9	10	11	12	13	14	6	15	15
7	116895250	116976171	1	2	3	4	1	5	6	7	8	9	10	11	12	13	5	14	14
7	116976171	118156290	1	2	3	4	1	1	5	6	7	8	9	10	11	12	1	13	13
7	118156290	118225523	1	2	3	4	1	5	6	7	8	9	10	11	12	13	1	14	14
7	118225523	118547758	1	2	3	4	5	6	7	8	9	10	11	12	13	14	5	15	15
7	118547758	118590973	1	2	3	4	5	6	7	8	9	10	11	12	13	14	15	16	16
7	118590973	118722623	1	2	3	4	4	5	6	7	8	9	10	11	12	13	14	15	15
7	118722623	118964737	1	2	3	4	4	5	6	7	8	9	10	11	6	12	13	14	14
7	118964737	119110954	1	2	3	4	4	5	6	7	8	9	10	11	6	12	13	4	13
7	119110954	119113224	1	2	3	4	4	3	5	6	7	8	9	10	5	11	12	4	12
7	119113224	119454416	1	2	3	4	4	3	5	6	7	8	4	9	5	10	11	4	11
7	119454416	119812173	1	2	3	4	4	3	5	6	7	8	4	9	10	11	12	4	12
7	119812173	119813761	1	2	3	4	4	3	5	6	7	8	4	9	10	11	12	13	13
7	119813761	120459374	1	2	3	4	4	3	5	6	7	8	4	9	10	11	12	8	12
7	120459374	120941473	1	2	3	4	4	5	6	7	8	9	4	10	11	12	13	9	13
7	120941473	123665542	1	2	3	4	4	5	6	7	8	9	10	11	12	13	14	15	15
7	123665542	124937756	1	2	3	4	4	5	6	7	8	2	9	10	11	12	13	14	14
7	124937756	125134778	1	2	3	4	4	5	6	7	8	9	10	11	12	13	14	15	15
7	125134778	126111825	1	2	3	4	5	6	7	8	9	10	11	12	13	14	15	16	16
7	126111825	126358371	1	2	2	3	4	5	6	7	8	9	10	11	12	13	14	15	15
7	126358371	126627186	1	2	2	3	4	5	6	7	8	9	4	10	11	12	13	14	14
7	126627186	126715780	1	2	2	3	4	5	6	7	8	9	4	10	3	11	12	13	13
7	126715780	127431081	1	2	2	3	4	5	6	7	6	8	4	9	3	10	11	12	12
7	127431081	127431611	1	2	2	3	4	5	6	7	6	8	4	9	10	11	12	13	13
7	127431611	127433468	1	2	2	3	4	5	6	7	8	9	4	10	11	12	13	14	14
7	127433468	128934763	1	2	3	4	5	6	7	8	9	10	5	11	12	13	14	15	15
7	128934763	128936138	1	2	3	4	1	5	6	7	8	9	10	11	12	13	14	15	15
7	128936138	129798239	1	2	3	4	1	5	6	7	8	9	10	11	12	6	13	14	14
7	129798239	129919583	1	2	3	4	5	6	7	8	9	10	11	12	13	7	14	15	15
7	129919583	130166098	1	2	3	4	5	6	7	8	9	10	11	12	13	14	15	16	16
7	130166098	130300437	1	2	3	4	5	6	7	8	9	10	11	12	13	14	15	1	15
7	130300437	130691406	1	2	3	4	2	5	6	7	8	9	10	11	12	13	14	1	14
7	130691406	131087978	1	2	3	4	2	5	6	7	8	9	2	10	11	12	13	1	13
7	131087978	131177400	1	2	3	4	2	5	6	7	8	9	2	10	11	12	11	1	12
7	131177400	131211851	1	2	3	4	2	5	6	7	8	9	2	10	11	12	11	13	13
7	131211851	131212584	1	2	3	4	2	5	6	7	8	9	2	10	4	11	4	12	12
7	131212584	131257480	1	2	3	3	2	4	5	6	7	8	2	9	3	10	3	11	11
7	131257480	131265543	1	2	3	3	2	4	5	6	7	8	9	10	3	11	3	12	12
7	131265543	131306520	1	2	3	3	2	1	4	5	6	7	8	9	3	10	3	11	11
7	131306520	131306929	1	2	3	3	3	1	4	5	6	7	8	9	3	10	3	11	11
7	131306929	131561310	1	1	1	1	1	1	2	3	4	5	6	7	1	8	1	9	9
7	131561310	131563236	1	2	2	2	2	1	3	4	5	6	7	8	2	9	1	10	10
7	131563236	131824096	1	2	2	2	2	1	3	4	5	5	6	7	2	8	1	9	9
7	131824096	131858254	1	2	2	3	2	1	4	5	6	6	7	8	2	9	1	10	10
7	131858254	131951932	1	2	3	4	3	5	6	7	8	8	9	10	3	11	5	3	11
7	131951932	132077813	1	2	3	4	3	5	6	1	7	8	9	10	11	12	13	3	13
7	132077813	132098329	1	2	3	4	3	5	6	1	7	8	9	10	5	11	12	3	12
7	132098329	132101641	1	2	3	4	5	6	7	1	8	9	10	11	6	12	13	5	13
7	132101641	132456355	1	2	3	4	5	4	6	1	7	8	9	10	4	11	12	5	12
7	132456355	132498742	1	2	3	4	5	4	6	7	8	9	10	11	4	12	13	5	13
7	132498742	133378157	1	2	3	4	5	4	6	7	8	9	3	10	4	11	12	5	12
7	133378157	133382918	1	2	3	4	5	4	6	7	8	9	10	11	4	12	13	5	13
7	133382918	133383709	1	2	3	4	5	6	7	8	9	10	2	11	6	12	13	5	13
7	133383709	133942237	1	2	3	4	5	6	7	8	9	10	2	11	12	13	14	5	14
7	133942237	133996511	1	2	3	4	5	6	7	8	9	10	2	11	2	12	13	5	13
7	133996511	134113339	1	2	3	4	3	5	6	7	8	9	2	10	2	11	12	3	12
7	134113339	134245059	1	2	3	4	3	5	6	7	8	9	10	11	10	12	13	3	13
7	134245059	134245512	1	2	3	4	5	6	7	8	9	10	11	12	11	13	14	5	14
7	134245512	134247479	1	2	3	4	5	6	7	8	9	10	11	12	11	7	13	5	13
7	134247479	134262203	1	2	3	4	5	6	7	8	9	10	11	12	13	7	14	5	14
7	134262203	134481766	1	2	3	4	5	6	7	8	9	10	11	12	5	7	13	5	13
7	134481766	134628032	1	2	3	4	5	6	7	8	9	10	3	11	5	7	12	5	12
7	134628032	134639284	1	2	3	4	5	6	7	8	9	10	3	11	5	7	12	13	13
7	134639284	134651607	1	2	3	4	5	6	7	8	9	10	3	11	5	12	13	14	14
7	134651607	134725866	1	2	3	4	5	6	7	8	9	10	3	11	5	12	13	5	13
7	134725866	134894834	1	2	3	4	5	6	7	8	9	10	3	11	12	13	14	5	14
7	134894834	134900251	1	2	3	4	5	6	7	8	9	10	11	12	13	14	15	5	15
7	134900251	134904078	1	2	3	4	5	6	7	8	9	10	11	12	13	14	8	5	14
7	134904078	134953103	1	2	3	1	4	5	6	7	8	9	10	11	12	13	7	4	13
7	134953103	135157654	1	2	3	1	4	5	6	3	7	8	9	10	11	12	3	4	12
7	135157654	135266000	1	2	3	1	4	5	6	3	7	8	9	10	11	12	3	13	13
7	135266000	135473106	1	2	3	4	5	6	7	3	8	9	10	11	12	13	3	14	14
7	135473106	135602552	1	2	3	4	5	6	7	3	8	9	10	11	12	13	3	5	13
7	135602552	136125941	1	2	3	4	3	5	6	3	7	8	9	10	11	12	3	3	12
7	136125941	136127196	1	2	3	4	3	5	6	3	7	8	9	10	11	6	3	3	11
7	136127196	136131756	1	2	3	4	5	6	7	3	8	9	10	11	12	7	5	5	12
7	136131756	136310459	1	2	3	4	5	6	7	8	9	10	11	12	13	7	5	5	13
7	136310459	136647099	1	2	3	4	4	5	6	7	8	9	10	11	12	6	4	4	12
7	136647099	136681529	1	2	3	4	5	6	7	8	9	10	11	12	13	7	4	5	13
7	136681529	136722860	1	2	3	4	5	6	7	8	9	10	11	12	2	7	4	5	12
7	136722860	136726494	1	2	3	2	4	5	6	7	8	9	10	11	2	6	2	4	11
7	136726494	136726768	1	2	3	2	2	4	5	6	7	8	9	10	2	5	2	2	10
7	136726768	136824693	1	2	3	2	2	1	4	5	6	7	8	9	2	4	2	2	9
7	136824693	136825054	1	2	3	2	2	1	4	5	6	7	8	9	2	4	10	2	10
7	136825054	136982138	1	2	3	2	2	1	4	5	6	7	8	9	2	10	11	2	11
7	136982138	137147811	1	2	3	2	2	1	4	1	5	6	7	8	2	9	10	2	10
7	137147811	137279995	1	2	3	2	2	4	5	1	6	7	8	9	2	10	11	2	11
7	137279995	137674502	1	2	3	2	2	4	5	6	7	8	9	10	2	11	12	2	12
7	137674502	137713433	1	2	3	2	4	5	6	7	8	9	10	11	4	12	13	4	13
7	137713433	137740712	1	2	3	4	5	6	7	8	9	10	11	12	5	13	14	5	14
7	137740712	137991445	1	2	3	4	5	6	7	8	9	10	11	12	13	14	15	5	15
7	137991445	138255141	1	2	3	4	5	6	7	8	9	10	6	11	12	13	14	5	14
7	138255141	138349716	1	2	3	4	5	6	7	8	9	10	6	11	12	7	13	5	13
7	138349716	138821894	1	2	3	4	5	6	7	8	9	10	6	10	11	7	12	5	12
7	138821894	138835636	1	2	3	4	5	6	7	8	9	10	6	10	11	12	13	5	13
7	138835636	139346666	1	2	3	4	5	6	7	8	9	10	6	10	7	11	12	5	12
7	139346666	139626243	1	2	3	4	5	6	7	8	9	10	6	10	11	12	13	5	13
7	139626243	140276541	1	2	3	4	5	6	7	8	9	10	6	11	12	13	14	15	15
7	140276541	140312089	1	2	3	4	5	6	7	8	9	10	6	11	12	13	14	5	14
7	140312089	140794083	1	2	3	4	5	6	7	8	9	10	11	12	13	14	15	5	15
7	140794083	141012027	1	2	3	4	5	6	7	8	9	10	11	12	10	13	14	5	14
7	141012027	141713280	1	2	3	4	5	6	7	8	9	10	11	12	10	13	5	5	13
7	141713280	141728858	1	2	3	4	5	6	7	8	9	10	11	12	10	13	5	14	14
7	141728858	141852016	1	2	3	4	5	6	7	8	9	10	11	12	13	14	5	15	15
7	141852016	141952682	1	2	3	4	5	6	7	8	9	10	11	12	13	14	5	5	14
7	141952682	142492143	1	2	3	4	5	6	5	7	8	9	10	11	12	13	5	5	13
7	142492143	142492517	1	2	3	4	5	6	5	7	8	9	10	11	12	13	14	5	14
7	142492517	142509200	1	2	3	4	5	6	5	7	8	9	10	11	12	13	4	5	13
7	142509200	143118947	1	2	3	4	4	5	4	6	7	8	9	10	11	12	4	4	12
7	143118947	143119267	1	2	3	4	4	5	4	6	7	8	3	9	10	11	4	4	11
7	143119267	143874764	1	2	3	4	4	5	6	7	8	9	3	10	11	12	4	4	12
7	143874764	144455155	1	2	3	4	5	6	7	8	9	10	3	11	12	13	5	5	13
7	144455155	144563972	1	2	3	4	5	6	7	8	9	10	11	12	13	14	5	5	14
7	144563972	144628285	1	2	3	4	5	6	7	8	9	9	10	11	12	13	5	5	13
7	144628285	145019115	1	2	3	4	5	6	7	8	9	9	10	11	12	7	5	5	12
7	145019115	145156002	1	2	3	4	5	6	3	7	8	8	9	10	11	3	5	5	11
7	145156002	145618771	1	2	3	4	5	1	3	6	7	7	8	9	10	3	5	5	10
7	145618771	145767874	1	2	3	4	5	1	6	7	8	8	9	10	11	3	5	5	11
7	145767874	146157729	1	2	3	4	5	1	6	7	8	9	10	11	12	3	5	5	12
7	146157729	146427161	1	2	3	4	5	1	6	7	8	9	10	11	12	13	5	14	14
7	146427161	146664120	1	2	3	4	5	6	7	8	9	10	11	12	13	14	5	15	15
7	146664120	146818214	1	2	3	4	5	6	7	8	9	1	10	11	12	13	5	14	14
7	146818214	147333990	1	2	3	4	5	6	7	8	9	1	10	11	4	12	5	13	13
7	147333990	147335119	1	2	3	1	4	5	6	7	8	1	9	10	1	11	4	12	12
7	147335119	147337197	1	2	3	1	4	5	6	7	8	9	10	11	1	12	4	13	13
7	147337197	147726418	1	2	3	1	4	5	6	7	6	8	9	10	1	11	4	12	12
7	147726418	147729794	1	2	3	1	4	5	6	7	6	8	9	10	11	12	4	13	13
7	147729794	147732818	1	2	3	1	1	4	5	6	5	7	8	9	10	11	1	12	12
7	147732818	147836849	1	2	3	1	1	4	5	6	5	7	8	9	10	5	1	11	11
7	147836849	147851387	1	2	3	1	1	4	5	6	5	7	8	9	10	5	1	2	10
7	147851387	147858729	1	2	3	1	1	4	5	6	5	7	8	5	9	5	1	2	9
7	147858729	148066655	1	2	3	1	1	4	5	6	5	7	8	5	1	5	1	2	8
7	148066655	148068948	1	2	3	4	4	5	6	7	6	8	9	6	4	6	4	2	9
7	148068948	148069642	1	2	3	4	4	5	6	7	6	8	9	6	4	10	11	2	11
7	148069642	148071677	1	2	3	4	4	5	6	7	6	8	9	6	4	10	4	2	10
7	148071677	148142452	1	2	3	4	4	5	6	7	6	8	1	6	4	9	4	2	9
7	148142452	148154213	1	2	3	4	4	5	6	7	8	9	1	8	4	10	4	2	10
7	148154213	148159012	1	2	3	4	4	5	6	7	8	9	1	8	4	10	4	11	11
7	148159012	148162878	1	2	3	4	4	5	6	7	8	9	1	10	4	11	4	12	12
7	148162878	148193015	1	2	3	4	4	5	6	7	8	9	1	10	4	3	4	11	11
7	148193015	148331651	1	2	3	4	4	5	3	6	7	8	1	9	4	3	4	10	10
7	148331651	148759191	1	2	3	4	4	5	3	6	7	8	9	10	4	3	4	11	11
7	148759191	148971170	1	2	3	4	4	5	3	6	7	8	9	10	11	3	4	12	12
7	148971170	149022449	1	2	3	4	5	6	3	7	8	9	10	11	12	3	5	13	13
7	149022449	149226729	1	2	3	4	5	6	7	8	9	10	11	12	13	3	5	14	14
7	149226729	149235124	1	2	3	4	5	6	7	8	9	10	11	12	13	14	5	15	15
7	149235124	149604513	1	2	3	4	5	2	6	7	8	9	10	11	12	13	5	14	14
7	149604513	149771542	1	2	3	4	5	2	6	7	8	9	10	11	12	13	5	10	13
7	149771542	149912168	1	2	3	2	4	2	5	6	7	8	9	10	11	12	4	9	12
7	149912168	149913531	1	2	3	2	4	2	5	6	7	8	9	10	11	5	4	9	11
7	149913531	149918962	1	2	3	2	4	2	5	6	7	3	8	9	10	5	4	8	10
7	149918962	150026975	1	2	3	2	4	5	6	7	8	3	9	10	11	6	4	9	11
7	150026975	150246177	1	2	3	2	4	5	6	7	8	3	9	6	10	6	4	9	10
7	150246177	150246571	1	2	3	2	4	5	6	7	8	3	9	6	10	6	11	9	11
7	150246571	150320631	1	2	3	2	4	5	6	7	8	3	9	6	10	6	4	9	10
7	150320631	150481461	1	2	3	2	4	5	6	7	8	9	10	6	11	6	4	10	11
7	150481461	150528590	1	2	3	2	4	5	6	7	8	9	10	6	11	12	4	10	12
7	150528590	150644128	1	2	3	4	5	6	7	8	9	10	11	7	12	13	5	11	13
7	150644128	150645893	1	2	3	4	5	6	7	8	9	10	11	7	12	13	5	14	14
7	150645893	150652805	1	2	3	4	5	6	7	8	9	10	11	12	13	14	5	15	15
7	150652805	150667116	1	2	3	2	4	5	6	7	8	9	10	11	12	13	4	14	14
7	150667116	150899604	1	2	3	2	4	5	6	7	8	9	7	10	11	12	4	13	13
7	150899604	151212675	1	2	3	2	4	4	5	6	7	8	6	9	10	11	4	12	12
7	151212675	151678053	1	2	3	4	5	5	6	7	8	9	7	10	11	12	5	13	13
7	151678053	151678149	1	2	3	4	5	5	6	7	8	9	10	11	12	13	5	14	14
7	151678149	151797977	1	2	3	4	5	6	7	8	9	10	11	12	13	14	5	15	15
7	151797977	152280469	1	2	3	4	5	6	7	8	9	10	5	11	12	13	5	14	14
7	152280469	152568497	1	2	3	4	4	5	6	7	8	9	4	10	11	12	4	13	13
7	152568497	152576902	1	2	3	4	4	4	5	6	7	8	4	9	10	11	4	12	12
7	152576902	152582333	1	2	3	4	4	4	5	6	7	8	4	9	10	11	4	4	11
7	152582333	152756671	1	2	3	4	5	5	6	7	8	9	4	10	11	12	5	4	12
7	152756671	152935736	1	2	3	4	1	1	5	6	7	8	4	9	10	11	1	4	11
7	152935736	153000307	1	2	3	4	1	5	6	7	8	9	4	10	11	12	5	4	12
7	153000307	153313145	1	2	3	2	1	1	4	5	6	7	2	8	9	6	1	2	9
7	153313145	153714590	1	2	3	2	1	1	4	5	6	7	2	8	1	6	1	2	8
7	153714590	154090680	1	2	3	2	1	1	4	5	6	7	8	9	1	6	1	2	9
7	154090680	154093754	1	2	3	2	1	1	4	5	6	7	8	9	10	6	1	2	10
7	154093754	154093845	1	1	2	1	1	1	2	3	4	5	1	6	7	4	1	1	7
7	154093845	154095240	1	1	2	1	3	1	2	4	5	6	3	7	8	5	3	1	8
7	154095240	154096069	1	2	3	1	4	1	3	5	6	7	4	8	9	6	4	1	9
7	154096069	154821195	1	2	3	1	4	1	3	5	6	3	4	7	8	6	4	1	8
7	154821195	154990768	1	2	3	1	4	1	5	6	7	3	4	8	9	7	4	1	9
7	154990768	155176133	1	2	3	1	4	1	5	6	7	3	8	9	10	7	4	1	10
7	155176133	155248383	1	2	3	4	5	4	6	7	8	3	9	10	11	12	13	1	13
7	155248383	155265989	1	2	3	4	5	4	6	7	8	9	10	11	12	13	14	1	14
7	155265989	155272582	1	2	3	4	5	6	7	8	9	10	11	12	13	14	15	1	15
7	155272582	155291191	1	2	3	4	5	6	7	8	9	10	11	12	13	14	6	1	14
7	155291191	155291509	1	2	3	4	5	6	7	8	9	10	11	12	13	14	6	15	15
7	155291509	155659501	1	2	3	4	5	6	7	8	9	10	11	12	13	9	6	14	14
7	155659501	155684504	1	2	3	4	5	6	7	8	7	9	10	11	12	7	6	13	13
7	155684504	155786517	1	2	3	4	5	6	7	8	7	3	9	10	11	7	6	12	12
7	155786517	155992696	1	2	3	4	5	6	7	7	7	3	8	9	10	7	6	11	11
7	155992696	156113449	1	2	3	4	5	6	3	3	3	3	7	8	9	3	6	10	10
7	156113449	156220089	1	2	3	2	4	5	3	3	3	3	6	7	8	3	5	9	9
7	156220089	156275859	1	2	3	2	4	5	3	3	3	6	7	8	9	3	5	10	10
7	156275859	156314371	1	2	3	2	4	5	3	3	6	7	8	9	10	3	5	11	11
7	156314371	156441622	1	2	3	2	4	5	6	3	7	8	9	10	11	3	5	12	12
7	156441622	156459214	1	2	3	2	4	5	6	3	7	8	9	10	11	12	5	13	13
7	156459214	156459306	1	2	3	2	4	5	6	3	7	3	8	9	10	11	5	12	12
7	156459306	156483756	1	2	3	2	4	5	6	3	7	3	5	8	9	10	5	11	11
7	156483756	156502621	1	2	3	2	4	5	6	7	8	3	5	9	10	11	5	12	12
7	156502621	157352189	1	1	2	1	3	4	5	6	7	2	4	8	9	10	4	11	11
7	157352189	157354346	1	1	2	1	3	4	2	5	6	2	4	7	8	9	4	10	10
7	157354346	157370179	1	1	2	1	3	4	2	5	6	2	4	7	8	9	10	11	11
7	157370179	157370246	1	1	2	3	4	5	2	6	7	2	5	8	9	10	11	12	12
7	157370246	157371087	1	1	2	3	4	5	2	6	7	8	5	9	10	11	12	13	13
7	157371087	157373246	1	1	2	3	4	5	2	6	7	8	5	9	10	11	12	8	12
7	157373246	157379413	1	1	2	3	4	5	2	6	7	8	9	10	11	12	13	8	13
7	157379413	157697330	1	1	2	3	4	5	2	6	7	8	9	10	9	11	12	8	12
7	157697330	157703937	1	1	2	3	4	4	2	5	6	7	8	9	8	10	11	7	11
7	157703937	157782033	1	1	2	3	4	4	5	6	7	8	9	10	9	11	12	8	12
7	157782033	157786772	1	1	2	3	4	4	5	6	7	8	9	10	11	12	13	8	13
7	157786772	157813122	1	1	2	3	4	4	5	6	7	8	9	10	11	12	13	14	14
7	157813122	158050969	1	2	3	4	5	5	6	7	8	9	10	11	12	13	14	15	15
7	158050969	158114167	1	2	3	4	5	5	6	7	8	9	1	10	11	12	13	14	14
7	158114167	158520212	1	2	3	4	5	5	6	7	8	9	1	10	9	11	12	13	13
7	158520212	158564313	1	2	3	4	5	5	6	7	8	9	1	10	11	12	13	14	14
7	158564313	158564443	1	2	3	4	5	5	3	6	7	8	1	9	10	11	12	13	13
7	158564443	158603973	1	2	3	4	5	6	3	7	8	9	1	10	11	12	13	14	14
7	158603973	158605934	1	2	3	4	5	6	3	7	8	6	1	9	10	11	12	13	13
7	158605934	158752186	1	2	3	4	5	6	3	7	8	6	1	9	10	11	6	12	12
7	158752186	158782971	1	2	3	4	5	6	3	7	8	6	1	9	10	3	6	11	11
7	158782971	158943632	1	2	3	4	5	6	3	5	7	6	1	8	9	3	6	10	10
7	158943632	159063486	1	2	3	4	5	6	3	5	7	6	8	9	10	3	6	11	11
7	159063486	159107727	1	2	3	4	5	6	7	5	8	6	9	10	11	7	6	12	12
7	159107727	159150485	1	2	3	4	5	6	7	5	8	9	10	11	12	7	6	13	13
7	159150485	159172638	1	2	3	4	5	6	7	5	8	9	10	11	12	7	13	14	14
7	159172638	159176657	1	2	3	4	5	6	7	5	8	9	10	11	12	13	14	15	15
7	159176657	159517684	1	2	3	4	5	6	7	8	9	10	11	12	13	14	15	16	16
7	159517684	160261303	1	2	3	4	5	6	7	8	9	10	11	12	13	14	15	8	15
7	160261303	160381460	1	2	3	4	5	6	7	8	9	10	11	12	13	14	6	8	14
7	160381460	160738082	1	2	3	4	5	6	7	8	9	10	11	12	13	9	6	8	13
7	160738082	161126605	1	2	3	4	5	6	7	8	9	7	10	11	12	9	6	8	12
7	161126605	161355543	1	2	3	4	5	6	7	8	9	7	10	11	12	13	6	8	13
7	161355543	161771676	1	2	3	4	5	6	7	8	9	10	11	12	13	14	6	8	14
7	161771676	161798147	1	1	2	3	4	5	6	7	8	9	10	11	12	13	5	7	13
7	161798147	161895503	1	1	2	3	4	5	6	7	8	9	10	11	12	13	5	14	14
7	161895503	161897255	1	1	2	3	4	5	2	6	7	8	9	10	11	12	5	13	13
7	161897255	162066301	1	1	2	1	3	4	2	5	6	7	8	9	10	11	4	12	12
7	162066301	162503528	1	1	2	1	3	4	2	5	6	7	8	9	10	11	4	5	11
7	162503528	162562472	1	1	2	1	3	4	5	6	7	8	9	10	11	12	4	6	12
7	162562472	162988244	1	2	3	2	4	5	6	7	8	9	10	11	12	13	5	7	13
7	162988244	163029141	1	2	3	4	5	6	7	8	9	10	11	12	13	14	6	8	14
7	163029141	163453233	1	2	3	4	5	6	3	7	8	9	10	11	6	12	6	7	12
7	163453233	163562792	1	2	3	4	5	6	3	7	8	9	10	11	12	13	6	7	13
7	163562792	163565664	1	2	3	4	5	6	7	8	9	10	11	12	13	14	6	8	14
7	163565664	163761806	1	2	3	4	5	6	7	8	9	10	11	11	12	13	6	8	13
7	163761806	163787304	1	2	3	4	5	6	7	8	7	9	10	10	11	12	6	8	12
7	163787304	163880094	1	2	3	4	5	6	7	8	7	9	10	10	4	11	6	8	11
7	163880094	164022389	1	2	3	4	5	6	7	8	7	9	10	11	4	12	6	8	12
7	164022389	164316374	1	2	3	4	5	6	7	8	7	9	10	11	12	13	6	8	13
7	164316374	164326651	1	2	3	4	5	6	7	8	7	9	10	11	6	12	6	8	12
7	164326651	164331616	1	2	3	4	1	5	6	7	6	8	9	10	5	11	5	7	11
7	164331616	164522507	1	2	3	4	1	5	6	7	8	9	10	11	5	12	5	7	12
7	164522507	164536653	1	2	3	4	5	6	7	8	9	10	11	12	6	13	6	8	13
7	164536653	164635463	1	2	3	4	5	6	7	8	9	10	11	12	6	13	6	14	14
7	164635463	164886403	1	2	3	4	5	6	7	8	9	10	11	12	6	13	6	8	13
7	164886403	165217844	1	2	3	4	5	6	7	8	9	10	11	9	6	11	6	8	11
7	165217844	165221857	1	2	3	4	5	6	7	8	9	10	11	9	6	12	6	8	12
7	165221857	165252686	1	2	3	4	5	6	7	8	9	10	11	12	6	13	6	8	13
7	165252686	165316710	1	2	3	4	5	6	7	8	9	10	11	12	13	14	6	8	14
7	165316710	165342780	1	2	3	4	5	6	7	8	3	9	10	11	12	13	6	8	13
7	165342780	165346321	1	2	3	4	5	6	7	8	3	9	10	11	12	13	6	14	14
7	165346321	165621561	1	2	3	4	5	6	7	8	3	9	10	11	12	13	6	8	13
7	165621561	165928052	1	2	3	4	5	6	7	8	3	7	9	10	11	12	6	8	12
7	165928052	165930582	1	2	3	4	5	6	7	8	9	7	10	11	12	13	6	8	13
7	165930582	165935362	1	2	3	4	5	6	7	8	3	7	9	10	11	12	6	8	12
7	165935362	166177583	1	2	3	4	5	6	7	8	3	9	10	11	12	13	6	8	13
7	166177583	166615595	1	2	3	4	5	6	7	8	3	9	4	10	11	12	6	8	12
7	166615595	166829217	1	2	3	4	5	6	7	4	3	8	4	9	10	11	6	4	11
7	166829217	166929279	1	2	3	4	5	6	7	8	3	9	8	10	11	12	6	8	12
7	166929279	166931184	1	2	3	4	5	6	7	1	3	8	1	9	10	11	6	1	11
7	166931184	166988196	1	2	3	4	5	6	4	1	3	7	1	8	9	10	6	1	10
7	166988196	167090129	1	2	3	4	5	6	4	1	3	4	1	7	8	9	6	1	9
7	167090129	167137813	1	2	3	3	4	5	3	1	3	3	1	6	7	8	5	1	8
7	167137813	167273835	1	2	3	3	1	4	3	1	3	3	1	5	6	7	4	1	7
7	167273835	167379428	1	2	3	4	1	5	3	6	3	4	1	7	8	9	5	6	9
7	167379428	167430064	1	2	3	4	1	5	3	6	3	7	1	8	9	10	5	6	10
7	167430064	167436354	1	2	3	4	5	6	3	7	3	8	5	9	10	11	6	7	11
7	167436354	167481888	1	2	3	4	5	6	3	7	3	8	9	10	11	12	6	7	12
7	167481888	167520109	1	2	3	4	5	6	7	8	3	9	10	11	12	13	6	8	13
7	167520109	167826806	1	2	3	4	5	6	7	8	3	9	10	11	6	12	6	8	12
7	167826806	167826889	1	2	3	4	5	6	7	8	3	9	4	10	6	11	6	8	11
7	167826889	167846322	1	2	3	4	5	6	7	8	3	9	4	10	11	12	6	8	12
7	167846322	167846640	1	2	3	4	5	6	7	8	3	8	4	9	10	11	6	8	11
7	167846640	167934718	1	2	3	4	2	5	6	7	3	7	4	8	9	10	5	7	10
7	167934718	168024188	1	2	3	1	2	4	5	6	3	6	1	7	8	9	4	6	9
7	168024188	168159747	1	2	3	1	2	4	5	6	3	7	1	8	9	10	4	6	10
7	168159747	168159994	1	2	3	4	2	5	6	2	3	7	4	8	9	10	5	2	10
7	168159994	168320280	1	2	3	4	2	5	6	7	3	8	4	9	10	11	5	2	11
7	168320280	168371574	1	2	3	4	5	6	7	8	3	9	4	10	11	12	6	5	12
7	168371574	168421120	1	2	3	4	5	6	7	8	3	9	10	11	12	13	6	5	13
7	168421120	168431584	1	2	3	2	4	5	6	7	3	8	9	10	11	12	5	4	12
7	168431584	168432480	1	2	3	2	4	5	6	7	3	8	9	10	2	11	5	4	11
7	168432480	168492609	1	2	3	2	4	5	6	7	3	8	9	10	2	11	5	12	12
7	168492609	168494851	1	2	3	2	4	5	6	7	3	8	9	10	2	2	5	11	11
7	168494851	168539450	1	2	3	2	4	4	5	6	3	7	8	9	2	2	4	10	10
7	168539450	168605408	1	2	3	2	4	4	5	6	3	7	8	9	2	2	4	3	9
7	168605408	169063234	1	2	3	2	4	4	1	5	3	6	7	8	2	2	4	3	8
7	169063234	169127532	1	2	3	4	5	5	1	6	3	7	8	9	4	2	5	3	9
7	169127532	169141345	1	2	3	4	5	5	6	7	3	8	9	10	4	2	5	3	10
7	169141345	169199606	1	2	3	4	5	6	7	8	3	9	10	11	12	2	6	5	12
7	169199606	169491969	1	2	3	4	5	6	7	8	3	9	10	11	12	13	6	5	13
7	169491969	169523663	1	2	3	4	4	5	6	7	3	8	9	10	11	12	5	4	12
7	169523663	169729263	1	2	3	4	4	1	5	6	3	7	8	9	10	11	1	4	11
7	169729263	169729737	1	2	3	4	5	1	6	7	3	8	9	10	11	12	1	5	12
7	169729737	169730389	1	2	3	4	5	1	6	7	3	8	9	10	11	12	1	13	13
7	169730389	169736187	1	2	3	4	5	1	6	7	3	8	9	10	11	12	1	5	12
7	169736187	170100502	1	2	3	4	5	1	6	7	3	7	8	9	10	11	1	5	11
7	170100502	170114763	1	2	3	4	5	1	6	7	3	7	8	9	10	11	12	5	12
7	170114763	170172748	1	2	3	4	5	1	6	7	3	7	8	9	10	11	1	5	11
7	170172748	170292566	1	2	3	4	5	1	6	7	3	8	9	10	11	12	1	5	12
7	170292566	170848364	1	2	3	4	5	6	7	8	3	9	10	11	12	13	6	5	13
7	170848364	170888952	1	2	3	4	5	6	7	8	3	9	10	11	12	13	6	14	14
7	170888952	171051538	1	2	3	4	5	5	6	7	3	8	9	10	11	12	5	13	13
7	171051538	171366922	1	2	3	4	5	6	7	8	3	9	10	11	12	13	6	14	14
7	171366922	171367121	1	2	3	4	5	6	7	8	9	10	11	12	13	14	6	15	15
7	171367121	171454827	1	2	3	4	5	6	7	8	3	9	10	11	12	13	6	14	14
7	171454827	171491070	1	2	3	4	1	5	6	7	3	8	9	10	11	12	5	13	13
7	171491070	171736665	1	2	3	4	1	5	6	7	3	8	9	10	11	12	5	11	12
7	171736665	171739308	1	2	3	4	1	5	6	7	3	8	9	10	5	11	5	5	11
7	171739308	171744608	1	2	3	4	5	6	7	8	3	9	10	11	6	12	6	13	13
7	171744608	171996813	1	2	3	4	5	6	7	8	3	9	10	2	6	11	6	12	12
7	171996813	171997098	1	2	3	4	5	6	7	8	3	9	10	2	6	11	12	13	13
7	171997098	172073437	1	2	3	4	5	6	7	8	3	9	10	2	6	11	6	12	12
7	172073437	172165839	1	2	3	4	5	6	7	8	3	9	10	11	6	12	6	13	13
7	172165839	172385267	1	2	3	4	5	6	7	8	3	9	10	11	12	13	6	14	14
7	172385267	172630607	1	2	3	4	5	6	7	8	3	9	10	11	12	13	14	15	15
7	172630607	172649720	1	2	3	4	5	6	7	8	3	9	10	11	12	13	14	14	14
7	172649720	172711913	1	2	3	4	5	4	6	7	3	8	9	10	11	12	13	13	13
7	172711913	172753871	1	2	3	4	5	4	6	7	3	8	9	10	5	11	12	12	12
7	172753871	172753884	1	2	3	4	5	4	2	6	3	7	8	9	5	10	11	11	11
7	172753884	172762204	1	2	3	4	5	4	2	5	3	6	7	8	5	9	10	10	10
7	172762204	172828490	1	2	3	4	5	4	2	5	3	6	6	7	5	8	9	9	9
7	172828490	172830697	1	2	3	4	5	4	2	5	3	6	6	7	5	8	9	10	10
7	172830697	172900931	1	1	2	3	4	3	1	4	2	5	5	6	4	7	8	9	9
7	172900931	172907125	1	1	2	3	4	3	1	4	2	5	6	7	4	8	9	10	10
7	172907125	172911190	1	1	2	3	4	5	1	4	2	6	7	8	4	9	10	11	11
7	172911190	172913959	1	1	2	3	4	5	1	4	2	6	7	8	4	9	10	7	10
7	172913959	173089193	1	2	3	4	5	6	1	5	3	7	8	9	5	10	11	8	11
7	173089193	173090001	1	2	3	4	5	6	1	5	3	7	8	9	10	11	12	8	12
7	173090001	173164833	1	2	3	4	5	6	7	5	3	8	9	10	11	12	13	9	13
7	173164833	173167728	1	2	3	4	5	6	7	5	3	8	9	10	11	12	13	14	14
7	173167728	173178739	1	2	3	4	5	6	7	8	3	9	10	11	12	13	14	15	15
7	173178739	173181721	1	2	3	4	5	6	7	8	3	9	10	11	12	13	14	8	14
7	173181721	173191452	1	2	3	4	5	6	7	8	3	9	10	11	12	13	2	8	13
7	173191452	173264862	1	1	2	3	4	5	6	7	2	8	9	10	11	12	1	7	12
7	173264862	173372534	1	1	2	3	4	5	6	7	2	1	8	9	10	11	1	7	11
7	173372534	173376630	1	2	3	4	5	6	7	8	3	2	9	10	11	12	2	8	12
7	173376630	173379592	1	2	3	4	5	6	7	8	3	9	10	11	12	13	9	8	13
7	173379592	173472387	1	2	3	4	5	6	7	8	3	2	9	10	11	12	2	8	12
7	173472387	173533335	1	2	3	4	5	6	7	8	3	9	10	11	12	13	2	8	13
7	173533335	173623672	1	2	3	4	5	6	7	8	3	9	10	11	12	7	2	8	12
7	173623672	173715240	1	2	3	4	5	6	7	8	3	9	10	11	12	7	13	8	13
7	173715240	173834348	1	2	3	4	5	6	7	8	3	9	10	11	12	13	14	8	14
7	173834348	173956393	1	1	2	3	4	5	6	7	2	8	9	10	11	12	13	7	13
7	173956393	174141186	1	1	2	3	4	5	6	7	8	9	10	11	12	13	14	7	14
7	174141186	174143107	1	1	2	3	4	5	2	6	7	8	9	10	11	12	13	6	13
7	174143107	174145659	1	1	2	3	4	5	2	6	7	8	9	10	5	11	12	6	12
7	174145659	174250633	1	1	2	3	4	5	2	6	7	8	9	10	5	2	11	6	11
7	174250633	174342161	1	1	2	3	4	4	2	5	6	7	8	9	4	2	10	5	10
7	174342161	174359243	1	1	2	3	4	5	2	6	7	8	9	10	4	2	11	6	11
7	174359243	174597663	1	1	2	3	4	5	2	6	7	8	9	10	4	11	12	6	12
7	174597663	174598709	1	1	2	3	4	5	6	7	8	9	10	11	4	12	13	7	13
7	174598709	174711571	1	1	2	3	4	5	6	7	8	9	10	11	12	13	14	7	14
7	174711571	174711956	1	2	3	4	5	6	7	8	9	10	11	12	13	14	15	16	16
7	174711956	174900045	1	1	2	3	4	5	6	7	8	9	10	11	12	13	14	7	14
7	174900045	175328477	1	1	2	3	4	5	6	7	8	9	10	11	12	9	13	7	13
7	175328477	175566706	1	1	2	3	4	5	6	7	8	9	10	11	12	13	14	7	14
7	175566706	175845529	1	1	2	3	4	5	6	5	7	8	9	10	11	12	13	5	13
7	175845529	175861219	1	1	2	3	4	5	6	7	8	9	10	11	12	13	14	7	14
7	175861219	176293046	1	2	3	4	5	6	7	8	9	10	11	12	13	14	15	8	15
7	176293046	176444531	1	2	3	4	5	6	7	8	9	10	11	12	5	13	14	8	14
7	176444531	176618751	1	1	2	3	4	5	6	7	8	9	10	11	4	12	13	7	13
7	176618751	176624311	1	1	2	3	4	5	6	7	8	9	10	11	12	13	14	7	14
7	176624311	176673826	1	1	2	3	4	5	6	7	8	9	10	11	12	5	13	7	13
7	176673826	176688967	1	2	3	4	5	6	7	8	9	10	11	12	13	6	14	8	14
7	176688967	176816733	1	2	3	4	5	6	7	8	9	10	11	12	11	6	13	8	13
7	176816733	176820852	1	2	3	4	5	6	7	8	9	10	11	12	11	6	11	8	12
7	176820852	177117062	1	2	3	4	5	6	7	8	9	10	5	11	5	6	5	8	11
7	177117062	177124478	1	2	3	4	5	6	7	8	9	10	5	11	5	12	5	8	12
7	177124478	177145802	1	2	3	4	5	6	7	3	8	9	5	10	5	11	5	3	11
7	177145802	177204177	1	2	3	4	5	1	6	3	7	8	5	9	5	10	5	3	10
7	177204177	177230852	1	2	3	4	5	1	6	3	7	8	9	10	5	11	9	3	11
7	177230852	177231173	1	2	3	4	5	1	6	3	7	8	5	9	5	10	5	3	10
7	177231173	177286011	1	2	3	4	5	1	6	3	7	8	5	9	10	11	5	3	11
7	177286011	177287384	1	2	3	4	5	6	7	3	8	9	5	10	11	12	5	3	12
7	177287384	177324472	1	2	3	4	5	6	7	3	8	9	5	10	5	11	5	3	11
7	177324472	177367857	1	2	3	4	5	6	7	8	9	10	5	11	5	12	5	8	12
7	177367857	177460756	1	2	3	4	5	6	7	8	9	10	11	12	11	13	5	14	14
7	177460756	177466127	1	2	3	4	5	6	7	8	9	10	5	11	5	12	5	13	13
7	177466127	177639054	1	2	3	4	5	3	6	7	8	9	5	10	5	11	5	12	12
7	177639054	177704437	1	2	3	4	5	3	6	7	8	9	10	11	5	12	5	13	13
7	177704437	177711120	1	2	1	3	1	1	4	5	6	7	8	9	1	10	1	11	11
7	177711120	177721638	1	2	3	4	3	1	5	6	7	8	9	10	3	11	3	12	12
7	177721638	177748007	1	2	3	4	5	1	6	7	8	9	10	11	3	12	5	13	13
7	177748007	177785920	1	2	3	4	5	1	6	7	8	9	9	10	3	11	5	12	12
7	177785920	177858367	1	2	3	4	5	1	6	7	8	6	6	9	3	10	5	11	11
7	177858367	177861179	1	2	3	4	5	6	7	8	9	7	7	10	3	11	5	12	12
7	177861179	177861342	1	2	3	4	5	6	7	8	9	7	10	11	3	12	5	13	13
7	177861342	177944371	1	2	3	4	5	6	7	8	9	7	10	11	12	13	5	14	14
7	177944371	178069454	1	2	3	4	5	6	7	8	9	10	11	12	13	14	5	15	15
7	178069454	178154146	1	1	2	3	4	5	6	7	8	9	10	11	12	13	4	14	14
7	178154146	178323260	1	1	2	3	4	5	6	7	8	9	10	11	12	13	14	15	15
7	178323260	178330107	1	2	3	4	5	6	7	8	9	10	11	12	13	14	15	16	16
7	178330107	178566073	1	2	3	4	5	6	7	8	9	10	11	12	1	13	14	15	15
7	178566073	178613288	1	2	3	4	5	6	7	8	9	10	11	12	1	13	3	14	14
7	178613288	178614470	1	2	3	4	5	6	7	8	9	10	11	12	1	9	3	13	13
7	178614470	178742545	1	2	3	4	5	6	7	8	9	10	11	12	1	9	3	5	12
7	178742545	178784232	1	2	3	4	5	3	6	7	8	9	10	11	1	8	3	5	11
7	178784232	178842845	1	2	3	4	5	3	6	7	8	9	10	11	12	8	3	5	12
7	178842845	178848795	1	2	3	4	5	6	7	8	9	10	11	12	13	9	6	5	13
7	178848795	178852012	1	2	3	4	5	6	7	8	9	10	11	12	1	9	6	5	12
7	178852012	178875575	1	2	3	4	5	6	7	8	9	10	11	12	1	9	6	13	13
7	178875575	178895598	1	2	3	4	5	6	7	8	9	10	11	12	1	9	6	8	12
7	178895598	179051260	1	2	3	4	5	6	7	8	9	10	11	12	1	13	6	8	13
7	179051260	179059048	1	2	3	4	5	6	7	8	9	10	11	12	1	13	14	8	14
7	179059048	179067725	1	2	3	4	5	6	7	8	9	10	11	12	1	11	4	8	12
7	179067725	179175230	1	2	3	4	5	6	7	8	9	10	11	12	13	11	4	8	13
7	179175230	179265603	1	2	3	4	5	6	7	8	9	10	11	12	13	11	4	14	14
7	179265603	179273235	1	2	3	4	5	6	7	8	9	10	11	12	13	14	4	15	15
7	179273235	179351347	1	2	3	4	5	6	7	8	9	10	11	12	13	14	15	16	16
7	179351347	179351681	1	2	3	4	5	6	7	8	9	10	6	11	12	13	14	15	15
7	179351681	179418384	1	2	3	4	5	6	7	6	8	9	6	10	11	12	13	14	14
7	179418384	179473654	1	2	3	4	5	6	7	6	8	9	6	10	11	8	12	13	13
7	179473654	179482997	1	2	3	4	2	5	6	5	7	8	5	9	10	7	11	12	12
7	179482997	179557638	1	2	3	4	2	5	6	5	7	8	5	9	10	7	11	7	11
7	179557638	179614485	1	2	3	4	2	5	6	5	7	4	5	8	9	7	6	7	9
7	179614485	179678668	1	2	3	4	2	5	6	7	8	4	5	9	10	8	6	8	10
7	179678668	179745701	1	2	3	4	2	5	6	7	8	4	5	9	10	8	11	8	11
7	179745701	179752458	1	2	3	4	2	5	6	7	8	4	9	10	11	8	12	8	12
7	179752458	179781842	1	2	3	4	5	6	7	8	9	4	10	11	12	13	14	9	14
7	179781842	179781854	1	2	3	4	5	6	7	8	9	10	11	12	13	14	15	9	15
7	179781854	179785605	1	2	3	4	5	6	7	8	9	10	11	12	13	14	15	16	16
7	179785605	179805418	1	1	2	3	4	5	6	7	8	9	10	11	12	13	14	15	15
7	179805418	179840083	1	1	2	3	4	5	6	7	8	9	10	11	10	12	13	14	14
7	179840083	179926959	1	1	2	3	4	5	6	7	8	8	9	10	9	11	12	13	13
7	179926959	179966806	1	1	2	3	4	5	6	7	8	8	9	10	9	2	11	12	12
7	179966806	179977555	1	1	2	3	4	5	6	7	8	9	10	11	12	2	13	14	14
7	179977555	180097499	1	2	3	4	5	6	7	8	9	10	11	12	13	3	14	15	15
7	180097499	180131606	1	2	3	2	4	5	6	7	8	9	10	11	12	3	13	14	14
7	180131606	180239104	1	2	3	2	4	5	6	7	8	9	10	11	12	13	14	15	15
7	180239104	180316590	1	2	3	2	4	5	3	6	7	8	9	10	11	12	13	14	14
7	180316590	180749218	1	2	3	4	5	6	3	7	8	9	10	11	12	13	14	15	15
7	180749218	181085214	1	2	3	4	5	6	7	8	9	10	11	12	13	14	15	16	16
7	181085214	181090972	1	2	3	4	5	6	7	8	9	7	10	11	12	13	14	15	15
7	181090972	181102646	1	2	3	4	5	1	6	7	8	6	9	10	11	11	12	13	13
7	181102646	181114583	1	2	3	4	5	1	6	7	8	6	9	10	9	9	11	12	12
7	181114583	181115552	1	2	3	4	5	1	6	7	8	6	9	10	9	9	8	11	11
7	181115552	181115911	1	2	3	4	5	1	3	6	7	3	8	9	8	8	7	10	10
7	181115911	181490777	1	2	3	4	5	1	3	6	7	3	8	9	8	8	7	6	9
7	181490777	181512024	1	2	3	4	5	1	3	6	7	8	9	10	9	9	7	6	10
7	181512024	181612384	1	2	3	4	5	1	3	6	7	4	8	9	8	8	7	6	9
7	181612384	181728091	1	2	3	4	5	1	3	6	7	4	8	9	8	8	10	6	10
7	181728091	181743994	1	2	3	4	5	1	3	6	7	4	6	8	6	6	9	6	9
7	181743994	181744281	1	2	3	4	5	6	3	7	8	4	7	9	7	7	10	7	10
7	181744281	181798668	1	2	3	4	5	6	3	1	7	4	1	8	1	1	9	1	9
7	181798668	181802897	1	2	3	4	5	6	3	1	7	4	1	5	1	1	8	1	8
7	181802897	181803435	1	2	3	4	1	5	3	1	6	4	1	1	1	1	7	1	7
7	181803435	181813618	1	2	3	4	1	5	3	1	6	4	1	1	7	1	8	1	8
7	181813618	181854188	1	2	3	4	1	5	6	1	7	4	1	1	8	1	9	1	9
7	181854188	182077020	1	2	3	4	1	5	3	1	6	4	1	1	7	1	8	1	8
7	182077020	182127719	1	2	3	4	1	5	3	1	6	7	1	1	8	1	9	1	9
7	182127719	182342487	1	2	3	4	1	5	6	1	7	8	1	1	9	1	10	1	10
7	182342487	182370476	1	2	3	4	1	5	6	1	7	8	9	1	10	1	11	1	11
