chrom	start	end	B73_inra	A632_usa	CO255_inra	FV252_inra	OH43_inra	A654_inra	FV2_inra	C103_inra	EP1_inra	D105_inra	W117_inra	B96	DK63	F492	ND245	VA85	n_haps
8	170780	557126	1	2	3	4	5	6	7	8	9	10	4	11	12	13	14	2	14
8	557126	718856	1	2	3	4	5	6	7	8	9	10	4	11	2	12	4	2	12
8	718856	910025	1	2	3	4	5	6	7	8	9	10	11	12	2	13	4	2	13
8	910025	1080132	1	2	3	4	5	6	7	8	9	10	11	12	13	14	4	2	14
8	1080132	1242332	1	2	3	4	5	6	7	8	9	10	11	12	13	14	4	15	15
8	1242332	1455293	1	2	3	4	5	6	7	1	8	9	10	11	12	13	4	14	14
8	1455293	1591933	1	2	3	4	5	6	7	8	9	10	11	12	13	14	4	15	15
8	1591933	1593330	1	2	3	4	5	6	7	8	9	10	11	12	11	13	4	14	14
8	1593330	1657033	1	2	3	4	5	6	7	8	9	10	2	11	2	12	4	13	13
8	1657033	1664519	1	2	1	3	4	5	6	7	8	9	2	10	2	11	3	2	11
8	1664519	1795678	1	2	1	3	4	5	6	7	8	9	2	10	2	11	12	2	12
8	1795678	1892325	1	2	1	3	4	5	6	7	8	9	2	10	2	10	11	2	11
8	1892325	1970621	1	1	1	2	3	4	5	6	7	8	9	10	9	10	11	1	11
8	1970621	1970682	1	1	1	2	3	4	5	6	7	8	9	10	11	10	12	1	12
8	1970682	1976480	1	2	2	3	4	5	6	7	8	9	10	11	12	13	14	2	14
8	1976480	1986613	1	2	2	3	4	5	6	7	8	9	10	11	12	13	1	2	13
8	1986613	2107599	1	2	2	3	4	5	6	7	8	9	10	11	12	6	1	2	12
8	2107599	2110689	1	2	2	3	4	5	6	7	6	8	9	10	11	6	1	2	11
8	2110689	2184785	1	2	2	3	4	5	6	7	6	8	9	10	7	6	1	2	10
8	2184785	2205407	1	2	2	3	4	5	6	7	6	8	9	10	7	11	1	2	11
8	2205407	2205844	1	2	2	3	4	2	5	6	5	7	8	9	6	10	1	2	10
8	2205844	2342186	1	2	3	4	5	3	6	7	6	8	9	10	7	11	1	2	11
8	2342186	2345226	1	2	3	4	5	3	6	7	6	8	9	10	7	11	1	12	12
8	2345226	2493622	1	2	3	4	5	3	6	7	6	8	9	10	7	11	1	2	11
8	2493622	2560564	1	2	3	4	5	3	6	7	6	8	9	10	7	11	1	12	12
8	2560564	2561492	1	2	3	4	5	3	6	7	6	8	9	10	7	11	1	3	11
8	2561492	2563044	1	2	3	4	5	3	6	7	8	9	10	11	7	12	1	3	12
8	2563044	2563089	1	2	3	4	5	6	7	8	9	10	11	12	8	13	1	6	13
8	2563089	2566940	1	2	3	4	5	6	7	8	9	10	11	12	8	13	14	6	14
8	2566940	2568278	1	2	3	4	5	6	7	8	9	10	1	11	8	12	13	6	13
8	2568278	2667735	1	2	3	4	5	6	7	8	9	10	1	11	8	12	5	6	12
8	2667735	2817366	1	2	3	4	5	6	7	8	9	10	1	11	12	13	5	6	13
8	2817366	2819916	1	2	3	4	5	6	7	8	9	10	1	11	12	13	14	6	14
8	2819916	2928598	1	2	3	4	5	6	7	8	9	10	11	12	13	14	15	6	15
8	2928598	2957963	1	2	3	4	5	6	7	8	9	10	11	12	13	14	6	6	14
8	2957963	3062721	1	2	3	4	5	6	7	8	9	10	11	12	13	14	6	15	15
8	3062721	3085064	1	2	3	4	5	6	7	8	9	10	4	11	12	13	6	14	14
8	3085064	3114458	1	2	3	4	5	3	6	7	8	9	4	10	11	12	3	13	13
8	3114458	3280452	1	1	2	3	4	2	5	6	7	8	3	9	10	11	2	12	12
8	3280452	3514053	1	1	2	3	4	2	5	6	7	8	9	10	11	12	2	13	13
8	3514053	3529803	1	1	2	3	4	5	6	7	8	9	10	11	12	13	5	14	14
8	3529803	3593616	1	2	3	4	5	6	7	8	9	10	11	12	13	14	6	15	15
8	3593616	3627784	1	2	3	4	5	6	7	8	9	10	11	12	13	14	6	2	14
8	3627784	3782073	1	2	3	4	5	6	7	8	8	9	10	11	12	13	6	2	13
8	3782073	3837296	1	2	3	4	5	6	7	8	8	9	10	11	12	8	6	2	12
8	3837296	3839309	1	2	3	4	5	6	7	7	7	8	9	10	11	7	6	12	12
8	3839309	3859717	1	2	3	4	5	6	7	8	7	9	10	11	12	7	6	13	13
8	3859717	3862964	1	2	3	4	5	6	7	8	7	9	10	11	6	7	6	12	12
8	3862964	4071301	1	2	3	4	5	3	6	7	6	8	9	10	3	6	3	11	11
8	4071301	4077187	1	2	3	4	5	3	6	7	8	9	10	11	12	6	3	13	13
8	4077187	4077212	1	2	3	4	5	6	7	8	9	10	11	12	13	7	6	14	14
8	4077212	4083880	1	2	3	4	5	6	7	8	9	10	11	12	13	14	6	15	15
8	4083880	4448933	1	2	3	4	5	6	7	8	7	9	10	11	12	13	6	14	14
8	4448933	4457874	1	2	3	4	5	6	7	8	9	10	11	12	13	14	6	15	15
8	4457874	4469229	1	2	3	4	5	6	7	8	7	9	10	11	12	13	6	14	14
8	4469229	4495816	1	2	3	4	5	6	7	8	7	9	10	11	7	12	6	13	13
8	4495816	4554243	1	2	3	4	5	6	7	8	7	9	10	11	7	12	6	8	12
8	4554243	4566172	1	2	3	4	5	6	7	8	7	9	10	11	12	13	6	8	13
8	4566172	4566683	1	2	3	4	5	1	6	7	6	8	9	10	11	12	1	7	12
8	4566683	4570067	1	2	3	4	5	6	7	8	7	9	10	11	12	13	1	8	13
8	4570067	4576732	1	2	3	4	5	6	7	8	9	10	11	12	13	14	1	8	14
8	4576732	4784721	1	2	3	4	5	6	7	8	9	7	10	11	5	12	1	8	12
8	4784721	4802905	1	2	3	4	5	6	7	8	9	10	11	12	5	13	1	8	13
8	4802905	4838495	1	2	3	4	5	6	7	8	9	10	11	12	13	14	1	8	14
8	4838495	4851489	1	2	3	4	5	6	7	8	9	10	11	12	13	14	1	15	15
8	4851489	4968033	1	2	3	4	5	6	7	8	9	10	11	12	13	12	1	14	14
8	4968033	5016148	1	2	3	4	5	6	7	8	9	1	10	11	12	11	1	13	13
8	5016148	5132613	1	2	3	4	5	6	7	8	9	1	10	11	12	11	13	14	14
8	5132613	5135245	1	2	3	4	5	6	7	8	9	1	10	11	12	13	14	15	15
8	5135245	5217344	1	2	3	4	5	6	7	8	9	1	10	11	12	13	14	8	14
8	5217344	5217863	1	2	3	4	5	1	6	7	8	1	9	10	11	12	13	7	13
8	5217863	5308774	1	2	3	4	5	1	6	1	7	1	8	9	10	11	12	1	12
8	5308774	5381292	1	2	3	4	5	1	6	1	7	8	9	10	11	12	13	1	13
8	5381292	5482544	1	2	3	4	5	1	6	7	8	9	10	11	12	13	14	1	14
8	5482544	5543710	1	2	3	4	5	1	6	7	8	9	10	11	12	13	14	15	15
8	5543710	5566358	1	2	3	4	5	6	7	8	9	10	11	12	13	14	15	16	16
8	5566358	5673030	1	2	3	4	5	6	7	8	9	10	11	12	13	14	15	10	15
8	5673030	5794186	1	2	3	4	5	6	7	8	7	9	10	11	12	13	14	9	14
8	5794186	5860102	1	2	3	4	5	6	7	8	7	9	4	10	11	12	13	9	13
8	5860102	5867765	1	2	1	3	4	5	6	7	6	8	3	9	10	11	12	8	12
8	5867765	5938750	1	2	1	3	4	5	6	7	6	8	3	9	10	9	11	8	11
8	5938750	5978755	1	2	1	3	4	5	6	7	8	9	3	10	11	10	12	9	12
8	5978755	6079649	1	2	1	3	4	5	6	7	8	9	3	10	11	10	12	13	13
8	6079649	6164494	1	2	1	3	4	5	6	7	8	9	10	11	12	11	13	14	14
8	6164494	6175204	1	2	3	4	5	6	7	8	9	10	11	12	13	12	14	15	15
8	6175204	6175378	1	2	3	4	5	6	7	8	9	10	11	12	13	12	2	14	14
8	6175378	6298545	1	2	3	4	2	5	6	7	8	9	10	11	12	11	2	13	13
8	6298545	6494853	1	2	3	4	2	5	6	7	8	9	10	11	12	13	2	14	14
8	6494853	6518406	1	2	3	4	2	5	6	7	8	9	10	11	12	13	14	15	15
8	6518406	6618330	1	2	3	4	2	5	6	7	8	9	10	11	5	12	13	14	14
8	6618330	6705319	1	2	3	4	2	5	6	7	8	9	10	11	5	12	1	13	13
8	6705319	6993727	1	2	3	4	5	6	7	8	9	10	11	12	6	13	1	14	14
8	6993727	7003596	1	2	3	4	5	6	7	8	9	10	6	11	6	12	1	13	13
8	7003596	7232690	1	2	3	4	5	6	7	8	9	10	11	12	11	13	1	14	14
8	7232690	7350545	1	2	3	4	4	5	6	7	8	9	10	11	10	12	1	13	13
8	7350545	7654828	1	2	3	4	4	5	6	7	8	9	10	11	12	13	1	14	14
8	7654828	7826703	1	2	3	4	4	5	6	7	8	9	10	11	12	13	14	15	15
8	7826703	7832550	1	2	3	4	5	6	7	8	9	10	11	12	13	14	15	16	16
8	7832550	8001259	1	2	3	4	5	6	7	8	9	10	11	12	13	14	15	12	15
8	8001259	8014405	1	2	3	4	5	6	7	8	9	10	11	6	12	13	8	6	13
8	8014405	8048544	1	2	3	4	5	3	6	7	8	9	10	3	11	12	7	3	12
8	8048544	8086195	1	2	3	4	5	3	6	7	8	9	10	3	4	11	7	3	11
8	8086195	8320627	1	2	1	3	4	1	5	6	7	8	9	1	3	5	6	1	9
8	8320627	8455715	1	2	1	3	4	1	5	6	7	8	4	1	3	5	6	1	8
8	8455715	8530568	1	2	3	4	5	3	6	7	8	9	5	3	4	6	7	1	9
8	8530568	8610028	1	2	3	4	5	6	7	8	9	10	5	3	4	7	8	1	10
8	8610028	8611682	1	2	3	4	5	6	7	8	9	10	5	3	4	7	8	11	11
8	8611682	8612264	1	2	3	4	5	6	7	8	9	10	5	3	4	7	11	12	12
8	8612264	8612568	1	2	3	4	5	6	7	8	9	10	11	3	4	7	12	13	13
8	8612568	8612842	1	2	3	4	5	6	7	8	9	10	11	12	4	7	13	14	14
8	8612842	8624352	1	2	3	4	5	6	7	8	9	10	11	12	13	7	14	15	15
8	8624352	9068879	1	2	3	4	5	6	7	8	9	10	11	12	13	14	15	16	16
8	9068879	10383806	1	2	3	4	5	6	7	8	9	10	11	12	13	14	15	5	15
8	10383806	10452301	1	2	3	4	5	6	7	8	9	10	11	12	13	14	13	5	14
8	10452301	10459654	1	2	3	4	5	6	7	8	9	10	11	12	13	14	13	15	15
8	10459654	10630207	1	2	3	4	5	6	7	8	9	10	11	12	13	14	13	10	14
8	10630207	10744874	1	2	3	4	5	6	7	8	9	10	11	12	13	14	15	10	15
8	10744874	10751749	1	2	3	4	5	6	7	3	8	9	10	11	12	13	14	9	14
8	10751749	10752768	1	1	2	3	4	5	6	2	7	8	9	10	11	12	5	8	12
8	10752768	10753012	1	1	2	3	4	5	6	2	7	8	9	10	2	11	5	8	11
8	10753012	10753945	1	1	2	3	3	4	5	2	6	7	8	9	2	10	4	7	10
8	10753945	10881166	1	1	2	3	3	4	5	2	1	2	6	7	2	8	4	2	8
8	10881166	11032073	1	1	2	3	3	4	5	2	1	6	7	8	2	9	4	2	9
8	11032073	11202334	1	1	2	3	4	5	6	2	1	7	8	9	2	10	5	2	10
8	11202334	11259539	1	2	3	4	5	6	7	3	2	8	9	10	3	11	6	3	11
8	11259539	11261350	1	2	3	4	5	6	7	3	2	8	9	10	11	12	6	3	12
8	11261350	11261874	1	2	3	4	5	6	7	3	2	8	9	10	11	12	13	3	13
8	11261874	11263558	1	2	3	4	5	6	7	8	2	9	10	11	12	13	14	8	14
8	11263558	11508840	1	2	3	4	5	6	7	8	9	10	11	12	13	14	15	8	15
8	11508840	11738040	1	2	3	4	5	6	7	8	9	10	11	12	13	14	15	16	16
8	11738040	11885247	1	2	3	4	5	6	7	8	9	10	11	12	13	14	1	15	15
8	11885247	12021828	1	2	3	4	5	6	7	5	8	9	10	11	12	13	1	14	14
8	12021828	12292902	1	2	3	4	5	6	7	8	9	10	11	12	13	14	1	15	15
8	12292902	12679986	1	2	3	4	5	6	7	8	9	10	11	12	13	14	15	16	16
8	12679986	12748785	1	2	3	4	5	6	7	8	9	10	11	12	1	13	14	15	15
8	12748785	13025086	1	2	3	4	5	6	7	5	8	9	10	11	1	12	13	14	14
8	13025086	13031678	1	2	3	4	5	1	6	5	7	8	9	10	1	11	12	13	13
8	13031678	13120943	1	2	3	4	5	1	6	5	7	4	8	9	1	10	11	12	12
8	13120943	13226096	1	2	3	4	5	1	6	7	8	4	9	10	1	11	12	13	13
8	13226096	13252129	1	2	3	4	5	6	7	8	9	4	10	11	6	12	13	14	14
8	13252129	13285875	1	2	3	4	5	6	7	8	9	10	11	12	6	13	14	15	15
8	13285875	13687713	1	2	3	4	5	6	7	8	9	10	11	12	13	14	15	16	16
8	13687713	13719469	1	2	3	4	5	6	7	8	9	10	11	12	5	13	14	15	15
8	13719469	13774820	1	2	3	4	5	1	6	7	8	9	10	11	5	12	13	14	14
8	13774820	13777467	1	2	3	4	5	1	6	7	8	9	2	10	5	11	12	13	13
8	13777467	13778936	1	2	3	4	5	1	6	7	8	8	2	9	5	10	11	12	12
8	13778936	13895397	1	2	3	4	5	1	6	7	8	8	2	9	5	10	11	3	11
8	13895397	13987471	1	2	3	4	5	6	7	8	9	9	2	10	5	11	12	3	12
8	13987471	14157888	1	2	3	4	5	6	7	8	9	9	10	11	5	12	13	3	13
8	14157888	14158534	1	2	3	4	5	6	7	8	9	9	10	11	5	12	8	3	12
8	14158534	14431111	1	2	3	4	5	6	7	8	9	10	11	12	5	13	8	3	13
8	14431111	14614048	1	2	3	4	5	6	7	8	9	10	11	12	5	7	8	3	12
8	14614048	14807838	1	2	3	4	5	6	7	8	9	10	11	12	5	7	8	13	13
8	14807838	14952838	1	2	3	4	5	6	7	8	9	10	11	12	5	7	13	14	14
8	14952838	15007324	1	2	3	4	5	6	7	8	9	10	11	12	5	13	14	15	15
8	15007324	15014528	1	2	3	4	5	6	7	8	9	10	11	12	13	14	15	16	16
8	15014528	15228033	1	2	3	4	5	6	7	8	9	10	1	11	12	13	5	14	14
8	15228033	15240481	1	2	3	4	1	5	6	7	8	9	1	10	11	12	1	13	13
8	15240481	15372844	1	2	3	4	1	5	6	7	3	8	1	9	10	11	1	12	12
8	15372844	15918801	1	2	3	4	1	5	6	7	3	8	1	9	7	10	1	11	11
8	15918801	16427293	1	2	3	4	1	5	6	7	3	8	1	9	10	11	1	12	12
8	16427293	16559185	1	2	3	4	5	6	7	8	3	9	1	10	11	12	5	13	13
8	16559185	16974370	1	2	3	4	5	6	7	8	3	9	10	11	12	13	5	14	14
8	16974370	17305961	1	2	3	4	5	6	7	8	3	9	10	11	5	12	5	13	13
8	17305961	17608744	1	2	3	4	5	6	7	8	3	9	10	11	12	13	12	14	14
8	17608744	17625874	1	2	3	4	5	6	7	8	3	9	10	11	12	13	14	15	15
8	17625874	17807551	1	2	3	4	5	6	7	8	3	9	10	11	12	13	10	14	14
8	17807551	17938124	1	2	3	4	5	6	7	8	3	9	1	10	11	12	1	13	13
8	17938124	18123660	1	2	3	4	5	6	7	8	3	9	1	10	11	12	13	14	14
8	18123660	18124307	1	2	3	4	5	6	7	1	3	1	1	8	9	10	11	12	12
8	18124307	18249391	1	2	3	4	5	6	7	8	3	1	8	9	10	2	4	11	11
8	18249391	18539293	1	2	3	4	5	6	1	7	3	1	7	8	9	2	4	10	10
8	18539293	18575386	1	2	3	4	5	6	1	7	3	1	7	8	9	10	4	11	11
8	18575386	18585610	1	2	3	4	5	6	7	8	3	7	8	9	10	11	4	12	12
8	18585610	18823373	1	2	3	2	4	5	6	7	3	6	7	8	9	10	2	11	11
8	18823373	18858444	1	2	3	2	4	5	6	7	3	6	7	8	9	10	11	12	12
8	18858444	18951887	1	2	3	2	4	5	6	7	3	6	8	9	10	11	12	13	13
8	18951887	19078248	1	2	3	4	5	6	7	8	3	7	9	10	11	12	13	14	14
8	19078248	19080450	1	2	3	4	5	6	7	8	3	7	9	10	11	12	7	1	12
8	19080450	19240543	1	2	3	4	5	6	7	8	3	7	9	10	9	5	7	1	10
8	19240543	19241789	1	2	3	4	5	6	7	6	3	7	8	9	8	5	7	1	9
8	19241789	19243156	1	2	3	4	5	1	6	1	3	6	7	8	7	5	6	1	8
8	19243156	19455827	1	2	3	1	4	1	5	1	3	5	6	7	6	4	5	1	7
8	19455827	19580815	1	2	3	1	4	5	6	5	3	6	7	8	7	4	6	5	8
8	19580815	19580865	1	2	3	1	4	5	6	5	3	6	7	8	7	9	6	5	9
8	19580865	19581891	1	2	3	1	4	5	6	5	3	6	7	8	7	9	6	10	10
8	19581891	19582591	1	2	3	4	5	6	7	6	3	7	8	9	8	10	7	11	11
8	19582591	19584968	1	2	3	4	5	6	7	8	3	7	9	10	9	11	12	13	13
8	19584968	19846093	1	2	3	4	5	6	7	8	3	9	10	11	10	12	13	14	14
8	19846093	19943880	1	2	3	4	5	6	7	8	3	9	10	11	12	13	14	15	15
8	19943880	19944128	1	2	3	4	5	6	7	8	3	9	6	10	11	12	13	14	14
8	19944128	20363319	1	2	3	4	5	6	7	8	3	9	6	8	10	11	12	13	13
8	20363319	20549448	1	2	3	4	5	6	7	8	3	9	6	10	11	12	13	14	14
8	20549448	20663428	1	2	3	4	5	6	7	8	3	9	10	11	12	13	14	15	15
8	20663428	20770901	1	2	3	4	5	6	7	8	3	8	9	10	11	12	13	14	14
8	20770901	21228124	1	2	3	4	5	6	7	8	3	8	9	10	11	12	13	11	13
8	21228124	21238039	1	2	3	4	5	6	7	8	3	9	10	11	12	13	14	12	14
8	21238039	21276829	1	2	3	4	5	6	7	8	3	9	10	11	12	13	14	15	15
8	21276829	21514443	1	2	3	4	5	6	3	7	3	8	9	10	11	12	13	14	14
8	21514443	21637414	1	2	3	4	5	6	7	8	3	9	10	11	12	13	14	15	15
8	21637414	22353349	1	2	3	4	5	6	7	8	3	9	10	11	12	13	6	14	14
8	22353349	22388375	1	2	3	4	5	6	7	8	3	9	10	11	12	13	14	15	15
8	22388375	22495154	1	2	3	4	5	6	7	8	9	10	11	12	13	14	15	16	16
8	22495154	22590816	1	2	3	4	5	6	7	8	9	10	11	12	13	14	5	15	15
8	22590816	22776222	1	2	3	4	5	6	7	8	9	10	11	12	13	14	5	2	14
8	22776222	22809291	1	2	3	4	5	6	7	4	8	9	10	11	12	13	5	2	13
8	22809291	22937094	1	2	3	4	5	6	7	4	8	9	10	11	2	12	5	2	12
8	22937094	23217752	1	2	3	4	5	6	7	8	9	10	11	12	13	14	5	2	14
8	23217752	23275260	1	2	3	4	5	6	7	8	9	10	11	12	13	14	5	15	15
8	23275260	23296873	1	2	3	4	5	6	7	8	9	10	11	12	13	14	5	5	14
8	23296873	23362926	1	2	3	4	5	6	7	8	9	10	11	12	13	14	15	5	15
8	23362926	23438755	1	2	3	4	5	6	7	8	9	10	11	12	13	14	5	5	14
8	23438755	23661729	1	2	3	4	5	6	7	8	7	9	10	11	12	13	5	5	13
8	23661729	23714542	1	2	3	4	5	6	7	8	7	9	10	11	5	12	5	5	12
8	23714542	24173317	1	2	3	4	5	6	7	2	7	8	9	10	5	11	5	5	11
8	24173317	24524588	1	2	3	4	5	6	7	2	7	8	9	10	11	12	11	11	12
8	24524588	24730756	1	2	3	4	5	6	7	8	7	9	10	11	12	13	12	12	13
8	24730756	24736522	1	2	3	4	5	6	7	8	7	9	10	11	12	13	12	14	14
8	24736522	24739079	1	2	3	4	5	6	7	8	7	9	10	11	12	13	12	8	13
8	24739079	25048474	1	2	3	4	5	6	7	8	7	9	10	11	12	13	14	8	14
8	25048474	25303168	1	2	3	4	5	6	7	8	9	10	11	12	13	14	15	8	15
8	25303168	25821270	1	2	3	4	5	6	7	8	3	9	10	11	12	13	14	8	14
8	25821270	28574116	1	2	3	4	5	6	7	8	3	9	10	11	12	13	14	15	15
8	28574116	30030777	1	2	3	4	5	6	7	8	3	9	10	11	12	13	5	14	14
8	30030777	38788990	1	2	3	4	5	6	7	8	3	9	6	10	11	12	5	13	13
8	38788990	39748045	1	2	3	4	5	6	7	8	3	9	10	11	12	13	5	14	14
8	39748045	39818369	1	2	3	4	5	6	7	8	3	9	10	11	12	13	14	15	15
8	39818369	40086021	1	2	3	4	5	6	7	8	3	9	10	11	12	13	14	14	14
8	40086021	40465481	1	2	3	4	5	6	7	8	3	9	10	11	12	13	5	5	13
8	40465481	46787459	1	2	3	4	5	6	7	5	3	8	9	10	11	12	5	5	12
8	46787459	46939067	1	2	3	4	5	6	7	5	3	8	9	10	11	12	5	13	13
8	46939067	46955456	1	2	3	4	5	6	7	8	3	9	10	11	12	13	8	14	14
8	46955456	54216821	1	2	3	4	5	6	7	8	9	10	11	12	13	14	8	15	15
8	54216821	63106398	1	2	3	4	5	6	7	8	3	9	10	11	12	13	8	14	14
8	63106398	67481429	1	2	3	4	5	6	7	8	3	9	10	11	12	13	14	15	15
8	67481429	69307826	1	2	3	4	1	5	6	7	3	8	9	10	11	12	13	14	14
8	69307826	69371151	1	2	3	4	1	5	6	7	8	9	10	11	12	13	14	15	15
8	69371151	70396187	1	2	3	4	1	5	6	7	3	8	9	10	11	12	13	14	14
8	70396187	73133224	1	2	3	4	1	5	6	7	3	8	9	10	5	11	12	13	13
8	73133224	73350677	1	2	3	4	5	6	7	8	3	9	10	11	6	12	13	14	14
8	73350677	73439648	1	2	3	4	5	6	7	8	3	9	10	11	12	13	14	15	15
8	73439648	73959980	1	2	3	4	5	6	7	8	3	9	10	11	12	13	14	1	14
8	73959980	76561645	1	2	3	4	5	6	7	2	3	8	9	10	11	12	13	1	13
8	76561645	76726205	1	2	3	4	5	6	7	2	8	9	10	11	12	13	14	1	14
8	76726205	79430462	1	2	3	4	5	6	7	8	9	10	11	12	13	14	15	1	15
8	79430462	82038542	1	2	3	4	5	6	7	8	3	9	10	11	12	13	14	1	14
8	82038542	82884496	1	2	3	4	5	6	7	8	3	9	10	11	12	13	14	15	15
8	82884496	83441456	1	2	3	4	5	6	7	8	3	9	10	11	12	13	14	4	14
8	83441456	84776990	1	2	3	4	5	6	7	8	3	9	10	11	5	12	13	4	13
8	84776990	85015235	1	2	3	1	4	5	6	7	3	8	9	10	4	11	12	1	12
8	85015235	85448146	1	2	3	1	4	5	6	7	3	8	9	10	4	11	2	1	11
8	85448146	86754176	1	2	3	1	4	5	6	7	3	2	8	9	4	10	2	1	10
8	86754176	86812616	1	2	3	1	4	5	6	7	3	2	8	9	10	11	2	1	11
8	86812616	88165106	1	2	3	4	5	6	7	8	3	2	9	10	11	12	2	1	12
8	88165106	88617979	1	2	3	4	5	6	7	8	3	2	9	10	11	12	13	1	13
8	88617979	88813557	1	2	3	4	5	6	7	8	3	9	10	11	12	13	14	1	14
8	88813557	89031152	1	2	3	4	5	6	7	8	9	10	11	12	13	14	15	1	15
8	89031152	89701972	1	2	3	4	5	6	7	8	3	9	10	11	12	13	14	1	14
8	89701972	92865308	1	2	3	4	5	6	7	8	3	9	10	11	1	12	13	1	13
8	92865308	92869462	1	2	3	4	5	6	7	8	3	9	10	11	12	13	14	1	14
8	92869462	93239294	1	2	3	4	5	6	7	8	3	9	1	10	11	12	13	1	13
8	93239294	94791541	1	2	3	4	5	6	7	8	3	9	1	10	11	12	1	1	12
8	94791541	94986246	1	2	3	4	5	6	7	8	9	10	1	11	12	13	1	1	13
8	94986246	94988066	1	2	3	4	5	6	7	8	9	10	11	12	13	14	1	11	14
8	94988066	95064569	1	2	3	4	5	6	7	8	9	10	1	11	12	13	1	1	13
8	95064569	95729235	1	2	3	4	5	6	7	8	3	9	1	10	11	12	1	1	12
8	95729235	97370983	1	2	3	4	5	6	7	8	3	9	10	11	12	13	1	1	13
8	97370983	98294943	1	2	3	4	5	6	7	8	3	9	10	11	12	13	14	1	14
8	98294943	99867613	1	2	3	4	5	6	7	8	3	9	10	11	5	12	13	1	13
8	99867613	99879047	1	2	3	4	5	6	7	8	3	9	10	11	5	12	13	14	14
8	99879047	100729011	1	2	3	4	5	6	7	8	3	9	10	11	5	12	13	1	13
8	100729011	102193352	1	2	3	4	5	5	6	7	3	8	9	10	5	11	12	1	12
8	102193352	102211087	1	2	3	4	5	5	6	7	8	9	10	11	5	12	13	1	13
8	102211087	103056697	1	2	3	4	5	5	6	7	3	8	9	10	5	11	12	1	12
8	103056697	103139952	1	2	3	4	5	6	7	8	3	9	10	11	5	12	13	1	13
8	103139952	104492567	1	2	3	4	5	6	7	8	3	9	10	11	12	13	14	1	14
8	104492567	104493069	1	2	3	4	5	6	7	8	3	9	10	11	12	13	14	15	15
8	104493069	107234687	1	2	3	4	5	6	7	8	3	9	10	11	12	13	14	1	14
8	107234687	107884805	1	2	3	4	5	6	7	8	3	9	6	10	11	12	13	1	13
8	107884805	107884914	1	2	3	4	5	6	7	8	9	10	6	11	12	13	14	1	14
8	107884914	108955143	1	2	3	4	5	6	7	8	3	9	6	10	11	12	13	1	13
8	108955143	108988755	1	2	3	4	1	5	6	7	3	8	5	9	10	11	12	1	12
8	108988755	109465968	1	2	3	4	1	5	6	7	3	8	9	10	11	12	13	1	13
8	109465968	110429295	1	2	3	4	1	5	6	7	3	8	9	10	11	12	8	1	12
8	110429295	110434288	1	2	3	4	5	6	7	8	3	9	10	11	12	13	9	1	13
8	110434288	111759191	1	2	3	4	1	5	6	7	3	8	9	10	11	12	8	1	12
8	111759191	112488142	1	2	3	4	1	5	6	7	3	8	9	10	11	12	13	1	13
8	112488142	112881866	1	2	3	4	5	6	7	8	3	9	10	11	12	13	14	1	14
8	112881866	112909413	1	2	3	4	5	6	7	8	3	9	10	11	12	13	14	15	15
8	112909413	113888085	1	2	3	4	5	6	7	8	3	9	10	11	12	13	14	1	14
8	113888085	113892574	1	2	3	4	5	6	7	8	9	10	11	12	13	14	15	1	15
8	113892574	114438072	1	2	3	4	1	5	6	7	8	9	10	11	12	13	14	1	14
8	114438072	114452624	1	2	3	4	5	6	7	8	9	10	11	12	13	14	15	5	15
8	114452624	115698619	1	2	3	4	1	5	6	7	8	9	10	11	12	13	14	1	14
8	115698619	116547453	1	2	3	4	5	6	7	8	9	10	11	12	13	14	15	1	15
8	116547453	116617772	1	2	3	4	5	6	7	8	9	10	11	12	13	14	15	16	16
8	116617772	117904658	1	2	3	4	5	6	7	8	9	10	11	12	13	14	15	1	15
8	117904658	118127601	1	1	2	3	4	5	6	7	8	9	10	11	12	13	14	1	14
8	118127601	119257267	1	1	2	1	3	4	5	6	7	8	9	10	11	12	13	1	13
8	119257267	119261085	1	1	2	1	3	4	5	6	7	8	3	9	10	11	12	1	12
8	119261085	119336430	1	1	2	1	3	4	5	6	7	8	3	9	10	11	12	13	13
8	119336430	119421931	1	2	3	2	4	5	6	7	8	9	4	10	11	12	13	14	14
8	119421931	119423598	1	2	3	4	5	6	7	8	9	10	5	11	12	13	14	15	15
8	119423598	120069427	1	2	3	2	4	5	6	7	8	9	4	10	11	12	13	1	13
8	120069427	120108567	1	2	3	2	4	5	6	7	8	9	10	11	12	13	14	1	14
8	120108567	120660344	1	2	3	2	4	5	6	3	7	8	9	10	11	12	13	1	13
8	120660344	120734079	1	2	3	2	4	5	6	3	7	8	9	10	11	12	13	14	14
8	120734079	120835132	1	2	3	2	4	5	6	7	8	9	10	11	12	13	14	15	15
8	120835132	121406814	1	2	3	4	5	6	7	8	9	10	11	12	13	14	15	16	16
8	121406814	121407748	1	2	3	4	5	6	7	8	9	10	11	12	2	13	14	15	15
8	121407748	121411510	1	2	3	4	1	5	6	7	8	9	10	11	2	12	13	14	14
8	121411510	122415186	1	2	3	4	1	5	6	7	8	9	10	11	2	12	13	1	13
8	122415186	122891162	1	2	3	4	1	5	6	7	8	9	9	10	2	11	12	1	12
8	122891162	123860265	1	2	3	4	1	5	6	7	8	4	4	9	2	10	11	1	11
8	123860265	123951444	1	2	3	1	1	4	5	6	7	1	1	8	2	9	10	1	10
8	123951444	124034436	1	2	1	1	1	3	4	5	6	1	1	7	2	4	8	1	8
8	124034436	124036113	1	2	1	1	1	3	1	4	5	1	1	6	2	1	7	1	7
8	124036113	124169471	1	2	1	3	1	4	1	5	6	3	1	7	2	1	8	1	8
8	124169471	124780075	1	1	1	2	1	3	1	4	5	2	1	6	1	1	7	1	7
8	124780075	124937821	1	1	1	2	1	3	1	4	5	6	1	7	1	1	8	1	8
8	124937821	124955662	1	1	2	3	1	4	1	5	6	7	1	8	1	1	9	1	9
8	124955662	124956586	1	1	2	3	1	4	5	6	7	8	1	9	1	1	7	1	9
8	124956586	124959566	1	1	2	3	1	4	5	6	7	8	9	10	1	9	7	1	10
8	124959566	124963221	1	1	2	3	1	4	5	6	7	8	9	10	1	11	7	1	11
8	124963221	125139947	1	1	2	3	1	4	5	6	7	5	8	9	1	10	7	1	10
8	125139947	125337483	1	2	3	4	1	5	6	7	8	6	9	10	2	11	8	1	11
8	125337483	125635362	1	2	3	4	1	5	6	7	8	6	9	10	11	12	8	1	12
8	125635362	126077405	1	2	3	4	1	5	6	7	8	9	10	11	12	13	8	1	13
8	126077405	126282737	1	2	3	4	1	5	6	7	8	9	10	11	12	13	8	14	14
8	126282737	128742959	1	2	3	4	1	5	6	7	8	9	10	11	12	13	14	15	15
8	128742959	128743539	1	2	3	4	1	3	5	6	7	8	9	10	11	12	13	14	14
8	128743539	129318689	1	2	3	4	1	3	5	6	7	8	9	10	11	12	5	13	13
8	129318689	130607082	1	2	3	4	1	3	5	3	6	7	8	9	10	11	5	12	12
8	130607082	131826070	1	2	3	4	1	3	5	3	6	7	8	9	3	10	5	11	11
8	131826070	132362525	1	2	3	4	1	3	5	3	6	7	8	9	3	2	5	10	10
8	132362525	132495821	1	2	3	4	1	5	6	5	7	8	9	10	5	2	6	11	11
8	132495821	132739984	1	2	3	4	1	5	6	5	7	8	9	10	5	2	6	1	10
8	132739984	132814247	1	2	3	4	1	5	6	7	8	9	10	11	5	2	6	1	11
8	132814247	133285403	1	2	3	4	1	5	6	7	8	9	10	11	5	2	12	1	12
8	133285403	133286311	1	2	3	4	1	5	6	7	6	8	9	10	5	2	11	1	11
8	133286311	133924849	1	2	3	4	1	5	6	7	6	8	9	10	11	2	12	1	12
8	133924849	133952021	1	2	3	4	5	6	7	8	7	9	10	11	12	2	13	1	13
8	133952021	133999663	1	2	3	4	1	5	6	7	6	8	9	10	11	2	12	1	12
8	133999663	135104394	1	2	3	4	1	5	6	7	6	8	9	10	5	2	11	1	11
8	135104394	135145003	1	2	3	4	1	5	6	7	8	9	10	11	5	12	13	1	13
8	135145003	135275483	1	2	3	4	1	5	6	7	8	9	10	11	5	12	13	14	14
8	135275483	135290942	1	2	3	4	1	5	6	7	8	9	10	11	5	12	12	13	13
8	135290942	135534572	1	2	3	4	1	5	6	7	8	9	3	10	5	11	11	12	12
8	135534572	135537515	1	2	3	4	1	5	6	7	8	9	3	10	11	12	12	13	13
8	135537515	135637444	1	2	3	4	1	5	6	7	8	9	3	10	5	11	11	12	12
8	135637444	136835269	1	2	3	4	1	5	6	7	8	9	3	10	5	6	6	11	11
8	136835269	136858486	1	2	3	4	1	5	6	7	8	9	3	10	5	11	6	12	12
8	136858486	136967522	1	2	3	4	1	5	6	7	8	9	10	11	5	12	6	13	13
8	136967522	137004362	1	2	3	4	5	6	7	8	9	10	11	12	6	13	7	14	14
8	137004362	137158155	1	2	3	4	5	6	7	8	9	3	10	11	6	12	7	13	13
8	137158155	137416605	1	2	3	4	5	6	7	8	9	3	10	11	6	12	13	14	14
8	137416605	137946603	1	2	3	4	5	6	7	8	9	3	10	11	12	13	14	15	15
8	137946603	138153468	1	2	3	4	5	1	6	7	8	3	9	10	11	12	13	14	14
8	138153468	139029761	1	2	3	4	5	1	6	7	8	9	10	11	12	13	14	15	15
8	139029761	139409948	1	2	3	2	4	1	5	6	7	8	9	10	11	12	13	14	14
8	139409948	139923876	1	2	3	2	4	5	6	7	8	9	10	11	12	13	14	15	15
8	139923876	140381721	1	2	3	2	4	5	6	7	8	9	10	11	12	13	14	4	14
8	140381721	141124822	1	2	3	2	4	5	6	7	8	9	10	11	12	9	13	4	13
8	141124822	141127764	1	2	3	2	4	5	6	7	8	9	10	11	12	9	6	4	12
8	141127764	141813169	1	2	3	4	5	6	7	8	9	10	11	12	13	10	7	5	13
8	141813169	142374545	1	2	3	4	5	6	7	8	9	10	11	12	13	14	7	5	14
8	142374545	143020680	1	2	3	4	5	6	7	8	9	10	11	12	13	14	7	15	15
8	143020680	144459170	1	2	3	4	5	6	7	8	9	10	11	12	13	14	15	16	16
8	144459170	145263274	1	2	3	4	5	3	6	7	8	9	10	11	12	13	14	15	15
8	145263274	145784518	1	2	3	4	5	3	6	7	8	9	10	11	12	13	14	2	14
8	145784518	145802408	1	2	3	4	5	6	7	8	9	10	11	12	13	14	15	2	15
8	145802408	146086026	1	2	3	4	5	3	6	7	8	9	4	10	11	12	13	2	13
8	146086026	146487360	1	2	3	4	5	3	6	7	8	9	4	10	11	12	13	14	14
8	146487360	146560006	1	2	3	4	5	6	7	8	9	10	4	11	12	13	14	15	15
8	146560006	146992030	1	2	3	4	5	6	7	8	9	10	4	11	12	13	14	13	14
8	146992030	147223684	1	2	3	4	5	6	7	8	9	10	4	11	6	12	13	12	13
8	147223684	147721206	1	2	3	4	5	6	7	8	9	10	4	11	6	12	13	14	14
8	147721206	147722650	1	2	3	4	5	6	7	8	9	10	11	12	13	14	15	16	16
8	147722650	147732197	1	2	3	4	5	6	7	8	9	10	4	11	12	13	14	15	15
8	147732197	147740150	1	2	3	4	5	6	7	8	9	7	4	10	11	12	13	14	14
8	147740150	148696199	1	2	3	4	5	6	2	7	8	2	4	9	10	11	12	13	13
8	148696199	148697710	1	2	3	4	5	6	7	8	9	7	4	10	11	12	13	14	14
8	148697710	148918003	1	2	3	4	5	6	7	8	9	7	4	10	11	12	13	2	13
8	148918003	149450033	1	2	3	4	5	6	7	8	9	10	11	12	13	14	15	2	15
8	149450033	149988558	1	2	3	4	5	6	7	8	9	10	11	12	13	14	15	16	16
8	149988558	150551024	1	2	3	4	5	6	7	8	9	10	2	11	12	13	14	15	15
8	150551024	150560525	1	2	3	4	5	6	7	4	8	9	2	10	11	12	13	14	14
8	150560525	150845531	1	2	3	4	5	6	7	4	8	9	10	11	12	13	14	15	15
8	150845531	150848263	1	2	3	4	5	6	7	4	8	9	10	11	12	13	14	4	14
8	150848263	151092966	1	2	3	4	4	5	6	4	7	8	9	10	11	12	13	4	13
8	151092966	151281674	1	2	3	4	4	5	6	4	3	7	8	9	10	11	12	4	12
8	151281674	152110992	1	2	3	4	4	5	6	7	3	8	9	10	11	12	13	4	13
8	152110992	152119781	1	2	3	4	5	6	7	8	3	9	10	11	12	13	14	4	14
8	152119781	152524081	1	2	3	4	5	6	7	8	3	9	9	10	11	12	13	4	13
8	152524081	152565627	1	2	3	4	5	6	7	8	3	8	8	9	10	11	12	4	12
8	152565627	153109769	1	2	3	4	5	6	7	8	3	8	8	9	8	10	11	4	11
8	153109769	153110764	1	2	3	4	5	6	7	8	3	8	9	10	8	11	12	4	12
8	153110764	153131686	1	2	3	4	5	6	7	8	3	8	9	10	8	11	12	13	13
8	153131686	153563763	1	2	3	4	5	6	7	8	3	8	9	10	8	11	12	4	12
8	153563763	153571425	1	2	3	2	4	5	6	7	3	7	8	9	7	10	11	2	11
8	153571425	153800754	1	2	3	2	4	5	6	7	3	7	8	9	7	6	10	2	10
8	153800754	154124774	1	2	3	2	4	5	6	7	3	8	9	10	8	6	11	2	11
8	154124774	154455432	1	2	3	2	4	5	6	7	3	8	9	10	11	6	12	2	12
8	154455432	154485908	1	2	3	4	5	6	7	8	3	9	10	11	12	7	13	2	13
8	154485908	154605259	1	2	3	4	5	6	7	8	3	9	10	11	9	7	12	2	12
8	154605259	154935588	1	2	3	4	2	5	6	7	3	8	9	10	8	6	11	2	11
8	154935588	154939416	1	2	3	4	2	5	6	7	8	9	10	11	9	6	12	2	12
8	154939416	155141648	1	2	3	4	2	5	6	7	3	8	9	10	8	6	11	2	11
8	155141648	155191338	1	2	3	4	5	6	7	8	3	9	10	11	9	12	13	2	13
8	155191338	155352193	1	2	3	4	5	6	7	8	3	9	10	11	9	12	13	14	14
8	155352193	156198643	1	2	3	4	5	6	7	8	3	9	10	11	12	13	14	15	15
8	156198643	156251562	1	2	3	4	5	6	3	7	8	9	10	11	12	13	14	15	15
8	156251562	156536750	1	2	3	4	5	6	3	7	3	8	9	10	11	12	13	14	14
8	156536750	156543884	1	2	3	4	5	6	3	7	3	8	9	10	11	11	12	13	13
8	156543884	156787931	1	2	3	4	5	6	3	7	3	8	9	10	11	11	12	6	12
8	156787931	157135225	1	2	3	4	5	6	7	8	3	9	10	11	12	12	13	6	13
8	157135225	157648608	1	2	3	4	5	6	7	8	3	9	10	11	12	13	14	6	14
8	157648608	157725911	1	2	3	4	5	6	7	8	3	9	10	7	11	12	1	6	12
8	157725911	158181703	1	2	3	4	5	6	7	8	3	9	10	7	11	12	1	13	13
8	158181703	158183187	1	2	3	4	5	6	7	8	3	9	10	11	12	13	1	14	14
8	158183187	158268334	1	2	3	4	5	1	6	7	3	8	9	10	11	12	1	13	13
8	158268334	161413307	1	2	3	4	5	6	7	8	3	9	10	11	12	13	6	14	14
8	161413307	161463513	1	2	3	4	5	1	6	7	3	8	9	10	11	12	1	13	13
8	161463513	162297448	1	2	3	4	5	1	6	7	3	8	9	10	11	12	13	14	14
8	162297448	162305645	1	2	3	4	5	6	7	8	3	9	10	11	12	13	14	15	15
8	162305645	162570377	1	2	3	4	5	6	7	8	3	9	6	10	11	12	13	14	14
8	162570377	162777266	1	2	3	4	5	6	7	8	3	9	6	10	11	12	8	13	13
8	162777266	162789261	1	2	3	4	5	6	7	1	3	8	6	9	10	11	1	12	12
8	162789261	162806745	1	2	3	4	5	4	6	1	3	7	4	8	9	10	1	11	11
8	162806745	162837549	1	2	3	4	5	4	6	1	3	7	4	8	7	9	1	10	10
8	162837549	162937945	1	2	3	4	5	6	7	1	3	8	4	9	8	10	1	11	11
8	162937945	163216611	1	2	3	4	5	6	7	8	3	9	4	10	9	11	1	12	12
8	163216611	163334788	1	2	3	4	5	6	7	8	3	9	4	8	9	10	1	11	11
8	163334788	163443819	1	2	3	4	5	6	7	8	3	9	4	8	10	11	1	12	12
8	163443819	163444737	1	2	3	4	5	6	7	8	9	10	11	8	12	13	1	14	14
8	163444737	163449889	1	2	3	4	5	6	7	8	3	9	10	8	11	12	1	13	13
8	163449889	163814655	1	2	3	4	5	6	7	8	3	9	10	8	11	12	13	14	14
8	163814655	164108044	1	2	3	4	5	6	7	8	3	9	10	11	12	13	14	15	15
8	164108044	164265780	1	2	3	4	5	6	7	8	9	10	11	12	13	14	15	16	16
8	164265780	164367038	1	2	3	4	5	6	7	8	9	10	11	12	13	14	11	15	15
8	164367038	164799986	1	2	3	4	5	6	7	8	9	10	11	12	13	14	11	1	14
8	164799986	164850610	1	2	3	4	5	6	7	8	9	10	11	12	13	14	11	15	15
8	164850610	164889206	1	2	3	4	5	6	7	8	9	10	11	12	13	14	15	16	16
8	164889206	164999116	1	2	3	4	5	6	7	8	9	10	11	12	3	13	14	15	15
8	164999116	165108496	1	1	2	3	4	5	6	7	8	9	10	11	2	12	13	14	14
8	165108496	165324446	1	1	2	3	4	5	6	7	8	9	10	11	12	13	14	15	15
8	165324446	165339598	1	1	2	3	4	5	6	7	6	8	9	10	11	12	13	14	14
8	165339598	165341015	1	1	2	3	4	5	6	7	6	2	8	9	10	11	12	13	13
8	165341015	165936390	1	1	2	3	4	5	6	7	6	2	8	9	10	11	5	12	12
8	165936390	166037977	1	1	2	3	4	5	6	7	8	2	9	10	11	12	5	13	13
8	166037977	166046149	1	1	2	3	4	5	6	7	8	9	10	11	12	13	5	14	14
8	166046149	166721468	1	1	2	3	4	5	6	7	8	9	10	11	12	13	14	15	15
8	166721468	166811638	1	1	2	3	4	5	6	7	8	3	9	10	11	12	13	14	14
8	166811638	167078718	1	1	2	3	4	5	6	7	8	3	9	10	11	6	12	9	12
8	167078718	167199162	1	1	2	3	4	5	6	7	6	3	8	9	10	6	11	8	11
8	167199162	167204217	1	1	2	3	4	5	6	7	6	3	8	9	10	11	12	8	12
8	167204217	167204351	1	1	2	3	4	5	6	7	6	8	9	10	11	12	13	9	13
8	167204351	167538305	1	1	2	3	4	5	6	7	6	8	9	10	11	12	13	14	14
8	167538305	167671904	1	1	2	3	4	5	6	7	8	9	10	11	12	13	14	15	15
8	167671904	167764419	1	1	2	3	4	5	6	7	8	9	3	10	11	12	13	14	14
8	167764419	168032452	1	1	2	3	4	5	6	7	8	9	3	10	11	12	13	13	13
8	168032452	168215186	1	1	2	3	4	5	6	7	8	7	3	9	10	11	12	12	12
8	168215186	168217362	1	1	2	3	4	5	6	7	8	7	9	10	11	12	13	13	13
8	168217362	168512170	1	1	2	3	4	5	6	7	8	7	9	10	11	12	13	14	14
8	168512170	168572441	1	1	2	3	4	5	6	7	8	9	10	11	12	13	14	15	15
8	168572441	168620062	1	1	2	3	4	1	5	6	7	8	9	10	11	12	13	14	14
8	168620062	168875512	1	2	3	4	5	1	6	7	8	9	10	11	12	13	14	15	15
8	168875512	169383010	1	2	3	4	5	6	7	8	9	10	11	12	13	14	15	16	16
8	169383010	169390018	1	2	3	4	5	6	7	8	9	10	11	12	1	13	14	15	15
8	169390018	169392657	1	2	3	4	5	6	7	8	9	7	10	11	1	12	13	14	14
8	169392657	169434033	1	2	3	4	5	6	7	8	9	7	10	11	1	7	12	13	13
8	169434033	169442122	1	2	3	4	5	6	7	8	9	7	10	11	1	7	10	12	12
8	169442122	169481538	1	2	3	4	5	6	7	8	9	7	8	10	1	7	8	11	11
8	169481538	169574644	1	2	3	4	5	5	6	7	8	6	7	9	1	6	7	10	10
8	169574644	169610619	1	2	3	4	5	5	6	7	8	9	7	10	1	6	7	11	11
8	169610619	169619634	1	2	3	4	5	5	6	7	8	9	7	10	1	11	7	12	12
8	169619634	169623025	1	2	3	4	5	5	6	7	8	9	10	11	1	12	10	13	13
8	169623025	169631144	1	2	3	4	5	6	7	8	9	10	11	12	1	13	14	15	15
8	169631144	169942572	1	2	3	4	5	6	7	8	9	10	11	12	13	14	15	16	16
8	169942572	170078115	1	1	2	3	4	5	6	7	8	9	10	11	12	13	14	15	15
8	170078115	170128118	1	1	2	3	4	5	6	7	8	9	10	11	5	12	13	14	14
8	170128118	170340843	1	2	3	4	5	6	7	8	9	10	11	12	6	13	14	15	15
8	170340843	170389055	1	2	3	4	4	5	6	7	8	9	10	11	5	12	13	14	14
8	170389055	170424385	1	2	3	4	4	5	6	7	8	9	10	11	12	13	14	15	15
8	170424385	170425367	1	1	2	3	3	4	5	6	7	8	9	10	11	12	13	14	14
8	170425367	170503520	1	1	2	3	3	4	5	6	5	7	8	9	10	11	7	12	12
8	170503520	170503798	1	1	2	3	3	4	5	6	5	7	8	9	10	11	12	13	13
8	170503798	170532577	1	1	2	3	3	4	5	6	7	8	9	10	11	12	13	14	14
8	170532577	170627612	1	1	2	3	4	5	6	7	8	9	10	11	12	13	14	15	15
8	170627612	170780609	1	1	2	3	3	4	5	6	7	8	9	10	11	12	13	14	14
8	170780609	170885427	1	1	2	3	3	1	4	5	6	7	8	9	10	11	12	13	13
8	170885427	170886156	1	1	2	3	4	1	5	6	7	8	9	10	11	12	13	14	14
8	170886156	171084614	1	1	2	3	3	1	4	5	6	7	8	9	10	11	12	13	13
8	171084614	171085370	1	1	2	3	3	4	5	6	7	8	9	10	11	12	13	14	14
8	171085370	171229037	1	1	2	3	3	4	5	6	7	8	8	9	10	11	12	13	13
8	171229037	171405381	1	1	2	3	3	4	5	6	7	8	8	9	10	11	8	12	12
8	171405381	171624056	1	1	2	3	3	4	5	6	7	8	8	9	10	11	8	10	11
8	171624056	171719801	1	1	2	3	3	4	5	6	7	8	9	10	11	12	8	11	12
8	171719801	171828715	1	1	2	3	3	4	5	6	7	8	9	10	11	12	13	11	13
8	171828715	171864612	1	1	2	3	3	4	5	6	7	8	9	10	11	12	13	14	14
8	171864612	172044337	1	1	2	3	3	4	5	6	7	8	2	9	10	11	12	13	13
8	172044337	172044935	1	1	2	3	4	5	6	7	8	9	2	10	11	12	13	14	14
8	172044935	172132229	1	1	2	3	3	4	5	6	7	8	2	9	10	11	12	13	13
8	172132229	172143554	1	1	2	3	3	4	5	6	7	8	9	10	11	12	13	14	14
8	172143554	172195631	1	1	2	3	3	4	5	2	6	7	8	9	10	11	12	13	13
8	172195631	172405487	1	1	2	3	3	4	5	2	6	7	8	9	10	11	12	4	12
8	172405487	172450044	1	1	2	3	3	4	5	2	6	7	8	9	10	11	12	13	13
8	172450044	172452098	1	1	2	3	3	4	5	2	6	7	8	9	10	11	12	12	12
8	172452098	172463233	1	1	2	3	3	2	4	2	5	6	7	8	9	10	11	11	11
8	172463233	172627160	1	1	2	3	3	4	5	4	6	7	8	9	10	11	12	12	12
8	172627160	172627689	1	1	2	3	3	4	5	4	6	7	8	9	10	11	12	13	13
8	172627689	172716916	1	1	2	3	3	4	5	6	7	8	9	10	11	12	13	14	14
8	172716916	172833961	1	1	2	3	3	4	5	6	7	8	9	9	10	11	12	13	13
8	172833961	172918839	1	1	2	3	4	5	6	7	8	9	10	10	11	12	13	14	14
8	172918839	172957421	1	1	2	3	3	4	5	6	7	8	9	9	10	11	12	13	13
8	172957421	173420726	1	1	2	3	3	4	5	6	7	8	9	10	11	12	13	14	14
8	173420726	173534136	1	1	2	3	3	1	4	5	6	7	8	9	10	11	12	13	13
8	173534136	173693840	1	1	2	3	3	1	4	5	6	7	7	8	9	10	11	1	11
8	173693840	173695718	1	1	2	3	3	4	5	6	7	8	8	9	10	11	12	4	12
8	173695718	173730301	1	1	2	3	3	4	5	6	7	2	2	8	9	10	11	4	11
8	173730301	173733722	1	1	2	3	3	4	5	6	7	2	2	8	2	9	10	4	10
8	173733722	173738941	1	1	2	3	3	2	4	5	6	2	2	7	2	8	9	2	9
8	173738941	173739286	1	1	2	3	3	2	4	5	6	7	2	8	7	9	10	2	10
8	173739286	173744882	1	1	2	3	3	4	5	6	7	8	2	9	8	10	11	2	11
8	173744882	173914468	1	1	2	3	3	4	5	6	5	7	2	8	7	9	10	2	10
8	173914468	173927198	1	1	2	3	3	1	4	5	4	6	2	7	6	8	9	2	9
8	173927198	173936072	1	1	2	3	4	1	5	6	5	7	2	8	7	9	10	2	10
8	173936072	173986043	1	1	2	3	3	1	4	5	4	6	2	7	6	8	9	2	9
8	173986043	174056686	1	1	2	3	3	1	4	5	4	6	2	7	8	9	10	2	10
8	174056686	174057670	1	1	2	3	3	1	4	5	4	6	2	7	8	9	10	11	11
8	174057670	174148259	1	1	2	3	3	1	4	5	6	7	2	8	9	10	11	12	12
8	174148259	174161552	1	1	2	3	3	1	4	5	6	7	8	9	10	11	12	13	13
8	174161552	174418648	1	1	2	3	3	4	5	6	7	8	9	10	11	12	13	14	14
8	174418648	174420482	1	1	2	3	3	4	5	6	7	8	4	9	10	11	12	13	13
8	174420482	174478353	1	1	2	3	3	4	5	6	7	8	4	9	10	11	2	12	12
8	174478353	174482717	1	1	2	3	3	4	5	6	7	8	4	9	10	11	2	10	11
8	174482717	174592509	1	1	2	3	3	4	5	6	7	8	4	9	10	9	2	10	10
8	174592509	174610472	1	1	2	3	3	4	5	6	7	8	9	10	11	12	2	11	12
8	174610472	174615466	1	1	2	3	3	4	5	6	7	8	9	10	11	11	2	11	11
8	174615466	174632203	1	1	2	3	3	4	5	6	7	8	9	10	11	11	12	11	12
8	174632203	174636414	1	1	2	3	3	4	5	6	7	8	9	10	11	12	13	12	13
8	174636414	174792149	1	1	2	3	3	4	5	6	7	8	9	10	11	11	12	11	12
8	174792149	174834480	1	1	2	3	3	4	5	6	7	8	9	10	11	12	13	11	13
8	174834480	175075801	1	1	2	3	3	4	5	6	7	8	9	10	11	12	13	14	14
8	175075801	175266633	1	1	2	3	3	4	5	6	7	8	9	10	11	12	13	6	13
8	175266633	175268729	1	1	2	3	4	5	6	7	8	9	10	11	12	13	14	7	14
8	175268729	175296239	1	1	2	3	4	5	6	2	7	8	9	10	11	12	13	2	13
8	175296239	175439594	1	1	2	3	4	5	6	2	7	8	9	10	11	12	13	14	14
8	175439594	175628712	1	1	2	3	4	5	6	7	8	9	10	11	12	13	14	15	15
8	175628712	175695118	1	1	2	3	4	5	6	7	8	9	10	11	12	3	13	14	14
8	175695118	175903241	1	1	2	3	4	5	6	7	8	9	10	11	12	3	8	13	13
8	175903241	175932244	1	1	2	3	4	5	6	7	8	9	10	11	12	13	8	14	14
8	175932244	176016190	1	1	2	3	4	5	6	7	8	9	10	11	12	13	14	15	15
8	176016190	176103201	1	2	3	4	5	6	7	8	9	10	11	12	13	14	15	16	16
8	176103201	176259318	1	2	3	4	1	5	6	7	8	9	10	11	12	13	14	15	15
8	176259318	176388564	1	2	2	3	1	4	5	6	7	8	9	10	11	12	13	14	14
8	176388564	176493439	1	2	2	3	4	5	6	7	8	9	10	11	12	13	14	15	15
8	176493439	176513248	1	2	3	4	5	6	7	8	9	10	11	12	13	14	15	16	16
8	176513248	176520076	1	2	3	4	5	6	7	8	9	10	11	12	3	13	14	15	15
8	176520076	176580512	1	2	3	4	5	6	7	8	9	10	11	12	3	13	14	2	14
8	176580512	176682030	1	2	3	4	5	6	7	8	9	10	10	11	3	12	13	2	13
8	176682030	176755504	1	2	3	4	5	6	7	8	9	10	10	11	12	13	14	2	14
8	176755504	176756091	1	1	2	3	4	5	6	7	8	9	9	10	11	12	13	1	13
8	176756091	176774706	1	1	2	3	4	5	6	7	8	9	10	11	12	13	14	1	14
8	176774706	176787832	1	1	2	3	4	5	6	7	8	9	10	11	12	13	14	15	15
8	176787832	176824992	1	1	2	3	4	5	6	7	6	8	9	10	11	12	13	14	14
8	176824992	176864213	1	1	2	3	4	5	6	7	6	8	9	10	11	12	6	13	13
8	176864213	176951192	1	1	2	3	4	5	6	7	8	9	10	11	12	13	6	14	14
8	176951192	177069720	1	1	2	3	4	5	6	7	8	9	10	11	12	13	14	15	15
8	177069720	177093187	1	1	2	3	4	5	6	7	8	9	10	11	12	13	14	4	14
8	177093187	177139054	1	2	3	4	5	6	7	8	9	10	11	12	13	14	15	5	15
8	177139054	177179237	1	2	3	1	4	5	6	7	8	9	10	11	12	13	14	4	14
8	177179237	177246568	1	2	3	1	4	5	6	7	8	9	1	10	11	12	13	4	13
8	177246568	177325899	1	2	3	1	4	5	6	7	8	9	1	10	11	12	13	14	14
8	177325899	177495699	1	2	3	1	4	5	6	7	8	9	1	10	11	12	13	6	13
8	177495699	177513747	1	2	3	4	5	6	7	8	9	10	1	11	12	13	14	7	14
8	177513747	177521916	1	2	3	4	5	6	7	8	9	10	11	12	13	14	15	7	15
8	177521916	177543319	1	2	3	4	5	6	7	8	9	10	11	12	13	14	15	16	16
8	177543319	177713693	1	2	3	4	5	6	7	5	8	9	10	11	12	13	14	15	15
8	177713693	177991634	1	2	3	4	5	6	7	5	8	9	9	10	11	12	13	14	14
8	177991634	177992872	1	2	3	4	5	6	7	5	8	9	10	11	12	13	14	15	15
8	177992872	178003263	1	2	3	4	5	6	7	8	9	10	11	12	13	14	15	16	16
8	178003263	178107576	1	1	2	3	4	5	6	7	8	9	10	11	12	13	14	15	15
8	178107576	178109641	1	1	2	3	4	5	6	4	7	8	9	10	11	12	13	14	14
8	178109641	178166206	1	1	2	3	4	5	6	4	7	8	9	10	11	12	2	13	13
8	178166206	178247004	1	2	3	4	5	6	7	5	8	9	10	11	12	13	3	14	14
8	178247004	178290775	1	2	3	4	5	6	7	5	8	9	10	8	11	12	3	13	13
8	178290775	178297065	1	2	3	4	5	6	7	5	8	9	10	8	11	12	13	14	14
8	178297065	178309992	1	2	3	4	5	6	7	8	9	10	11	9	12	13	14	15	15
8	178309992	178640786	1	2	3	4	5	6	7	8	9	10	11	9	3	12	13	14	14
8	178640786	178707929	1	2	3	4	5	6	7	8	9	10	11	12	3	13	14	15	15
8	178707929	178709173	1	2	3	4	5	6	7	8	9	10	11	12	13	14	15	16	16
8	178709173	178709932	1	2	1	3	4	5	6	7	8	9	10	11	12	13	14	15	15
8	178709932	178844013	1	2	1	3	4	5	6	7	8	1	9	10	11	12	13	14	14
8	178844013	178848683	1	2	1	3	4	5	6	7	8	1	9	10	5	11	12	13	13
8	178848683	179032068	1	2	3	4	5	6	7	8	9	3	10	11	6	12	13	2	13
8	179032068	179032996	1	2	3	4	5	6	7	8	9	10	11	12	6	13	14	2	14
8	179032996	179094467	1	2	3	4	5	6	7	8	9	10	11	12	13	14	15	2	15
8	179094467	179216408	1	2	3	4	5	6	7	8	9	10	11	12	13	14	15	16	16
8	179216408	179245722	1	2	3	4	5	6	7	7	8	9	10	11	12	13	14	15	15
8	179245722	179301728	1	2	3	4	5	6	7	7	7	8	9	10	11	12	13	14	14
8	179301728	179412969	1	2	3	4	5	6	7	7	7	8	1	9	10	11	12	13	13
8	179412969	179457897	1	2	3	4	5	6	7	7	8	9	1	10	11	12	13	14	14
8	179457897	179457950	1	2	3	4	5	6	7	7	8	9	10	11	12	13	14	15	15
8	179457950	179587373	1	2	3	4	5	6	7	8	9	10	11	12	13	14	15	16	16
8	179587373	179648538	1	2	3	4	5	6	7	8	9	10	11	12	5	13	14	15	15
8	179648538	179649461	1	2	3	4	5	6	7	8	9	10	11	12	5	13	14	14	14
8	179649461	179672595	1	2	3	4	5	6	7	8	9	10	11	12	5	13	8	8	13
8	179672595	179673361	1	2	3	4	2	5	6	7	8	9	10	11	2	12	7	7	12
8	179673361	179884540	1	2	3	4	2	5	6	7	6	8	9	10	2	11	7	7	11
8	179884540	179884908	1	2	3	4	2	4	5	6	5	7	8	9	2	10	6	6	10
8	179884908	179884961	1	2	3	4	2	4	5	6	5	7	8	9	10	11	6	6	11
8	179884961	179967323	1	2	3	4	2	4	5	6	5	3	7	8	9	10	6	6	10
8	179967323	180033210	1	2	3	4	2	4	5	6	5	3	5	7	8	9	6	6	9
8	180033210	180229924	1	2	3	4	2	4	5	6	5	3	5	7	8	9	6	4	9
8	180229924	180252061	1	2	3	4	2	4	5	6	7	3	5	8	9	10	6	4	10
8	180252061	180254041	1	2	3	4	2	4	5	6	7	3	5	8	9	10	11	4	11
8	180254041	180315939	1	2	3	4	2	4	5	6	7	3	5	8	9	10	6	4	10
8	180315939	180375237	1	2	3	4	2	4	5	6	7	3	8	9	10	11	6	4	11
8	180375237	180443941	1	2	3	4	2	4	2	5	6	3	7	6	8	9	5	4	9
8	180443941	180446749	1	2	3	4	2	4	2	5	6	7	8	6	9	10	5	4	10
8	180446749	180450107	1	2	3	4	5	4	5	6	7	8	9	7	10	11	6	4	11
8	180450107	180457980	1	2	3	4	5	6	5	7	8	9	10	8	11	12	7	6	12
8	180457980	180489721	1	1	2	3	4	3	4	5	6	7	8	6	9	10	5	3	10
8	180489721	180534619	1	1	2	3	4	3	4	5	6	7	8	6	9	7	5	3	9
8	180534619	180566355	1	1	2	3	4	3	4	5	5	6	7	5	8	6	5	3	8
8	180566355	180572372	1	1	2	3	4	3	4	5	5	6	7	5	4	6	8	3	8
8	180572372	180624032	1	1	2	3	4	3	4	5	5	6	7	8	4	6	9	3	9
8	180624032	180638284	1	1	2	3	4	3	4	5	5	6	7	8	4	6	5	3	8
8	180638284	180681777	1	1	2	3	4	3	5	6	6	7	8	9	5	7	6	3	9
8	180681777	180730314	1	2	3	4	5	4	6	7	7	8	9	10	6	8	7	4	10
8	180730314	180815693	1	2	3	4	5	4	6	3	3	7	8	9	6	7	3	4	9
8	180815693	181004755	1	2	3	4	5	4	6	3	3	7	8	9	6	10	3	4	10
8	181004755	181006148	1	2	3	4	5	4	6	3	7	8	9	10	6	11	7	4	11
8	181006148	181098567	1	2	3	4	5	4	6	3	7	8	9	10	11	12	7	4	12
